20
p_onca     0.000000 200.000000 233.000000 291.000000 291.000000 366.000000 366.000000 337.000000 309.000000 293.000000 305.000000 305.000000 316.000000 316.000000 435.000000 435.000000 384.000000 362.000000 327.000000 303.000000 
l_pardalis200.000000 0.000000 233.000000 291.000000 291.000000 366.000000 366.000000 337.000000 309.000000 293.000000 305.000000 305.000000 316.000000 316.000000 435.000000 435.000000 384.000000 362.000000 327.000000 303.000000 
ly_canaden233.000000 233.000000 0.000000 258.000000 258.000000 333.000000 333.000000 304.000000 276.000000 260.000000 272.000000 272.000000 283.000000 283.000000 402.000000 402.000000 351.000000 329.000000 294.000000 270.000000 
v_lagopus  291.000000 291.000000 258.000000 0.000000 200.000000 345.000000 345.000000 316.000000 288.000000 272.000000 284.000000 284.000000 295.000000 295.000000 414.000000 414.000000 363.000000 341.000000 306.000000 282.000000 
c_lupus    291.000000 291.000000 258.000000 200.000000 0.000000 345.000000 345.000000 316.000000 288.000000 272.000000 284.000000 284.000000 295.000000 295.000000 414.000000 414.000000 363.000000 341.000000 306.000000 282.000000 
lo_canaden366.000000 366.000000 333.000000 345.000000 345.000000 0.000000 200.000000 229.000000 257.000000 273.000000 309.000000 309.000000 320.000000 320.000000 439.000000 439.000000 388.000000 366.000000 331.000000 307.000000 
m_mephitis366.000000 366.000000 333.000000 345.000000 345.000000 200.000000 0.000000 229.000000 257.000000 273.000000 309.000000 309.000000 320.000000 320.000000 439.000000 439.000000 388.000000 366.000000 331.000000 307.000000 
s_putorius337.000000 337.000000 304.000000 316.000000 316.000000 229.000000 229.000000 0.000000 228.000000 244.000000 280.000000 280.000000 291.000000 291.000000 410.000000 410.000000 359.000000 337.000000 302.000000 278.000000 
b_astutus  309.000000 309.000000 276.000000 288.000000 288.000000 257.000000 257.000000 228.000000 0.000000 216.000000 252.000000 252.000000 263.000000 263.000000 382.000000 382.000000 331.000000 309.000000 274.000000 250.000000 
p_lotor    293.000000 293.000000 260.000000 272.000000 272.000000 273.000000 273.000000 244.000000 216.000000 0.000000 236.000000 236.000000 247.000000 247.000000 366.000000 366.000000 315.000000 293.000000 258.000000 234.000000 
t_taxus    305.000000 305.000000 272.000000 284.000000 284.000000 309.000000 309.000000 280.000000 252.000000 236.000000 0.000000 200.000000 247.000000 247.000000 366.000000 366.000000 315.000000 293.000000 258.000000 234.000000 
n_narica   305.000000 305.000000 272.000000 284.000000 284.000000 309.000000 309.000000 280.000000 252.000000 236.000000 200.000000 0.000000 247.000000 247.000000 366.000000 366.000000 315.000000 293.000000 258.000000 234.000000 
u_arctos   316.000000 316.000000 283.000000 295.000000 295.000000 320.000000 320.000000 291.000000 263.000000 247.000000 247.000000 247.000000 0.000000 200.000000 357.000000 357.000000 306.000000 284.000000 249.000000 225.000000 
m_american316.000000 316.000000 283.000000 295.000000 295.000000 320.000000 320.000000 291.000000 263.000000 247.000000 247.000000 247.000000 200.000000 0.000000 357.000000 357.000000 306.000000 284.000000 249.000000 225.000000 
g_gulo     435.000000 435.000000 402.000000 414.000000 414.000000 439.000000 439.000000 410.000000 382.000000 366.000000 366.000000 366.000000 357.000000 357.000000 0.000000 200.000000 251.000000 273.000000 308.000000 332.000000 
m_erminea  435.000000 435.000000 402.000000 414.000000 414.000000 439.000000 439.000000 410.000000 382.000000 366.000000 366.000000 366.000000 357.000000 357.000000 200.000000 0.000000 251.000000 273.000000 308.000000 332.000000 
n_vison    384.000000 384.000000 351.000000 363.000000 363.000000 388.000000 388.000000 359.000000 331.000000 315.000000 315.000000 315.000000 306.000000 306.000000 251.000000 251.000000 0.000000 222.000000 257.000000 281.000000 
m_nivalis  362.000000 362.000000 329.000000 341.000000 341.000000 366.000000 366.000000 337.000000 309.000000 293.000000 293.000000 293.000000 284.000000 284.000000 273.000000 273.000000 222.000000 0.000000 235.000000 259.000000 
m_frenata  327.000000 327.000000 294.000000 306.000000 306.000000 331.000000 331.000000 302.000000 274.000000 258.000000 258.000000 258.000000 249.000000 249.000000 308.000000 308.000000 257.000000 235.000000 0.000000 224.000000 
m_pennanti303.000000 303.000000 270.000000 282.000000 282.000000 307.000000 307.000000 278.000000 250.000000 234.000000 234.000000 234.000000 225.000000 225.000000 332.000000 332.000000 281.000000 259.000000 224.000000 0.000000 

30
g_gulo     0.000000 4.399600 6.230400 8.137600 8.160200 5.043500 7.155500 6.879600 7.465300 9.182600 6.814800 9.229500 8.665200 9.449200 9.492000 9.744700 5.571900 8.289800 5.628700 6.843000 6.527200 7.059300 6.213400 5.888400 5.681000 6.474900 5.753500 6.996800 6.364700 6.158500 
l_pardalis4.399600 0.000000 8.109000 10.016200 10.038800 6.922100 9.034100 8.758200 9.343900 11.061200 8.693400 11.108100 10.543800 11.327800 11.370600 11.623300 7.450500 10.168400 7.507300 8.721600 8.405800 8.937900 8.092000 7.767000 7.559600 8.353500 7.632100 8.875400 8.243300 8.037100 
a_lagopus  6.230400 8.109000 0.000000 5.399800 7.995600 4.878900 6.990900 6.715000 7.300700 9.018000 6.650200 9.064900 8.500600 9.284600 9.327400 9.580100 5.557900 8.275800 5.614700 6.829000 6.513200 7.045300 6.199400 5.874400 5.667000 6.460900 5.739500 6.982800 6.350700 6.144500 
b_astutus  8.137600 10.016200 5.399800 0.000000 9.902800 6.786100 8.898100 8.622200 9.207900 10.925200 8.557400 10.972100 10.407800 11.191800 11.234600 11.487300 7.465100 10.183000 7.521900 8.736200 8.420400 8.952500 8.106600 7.781600 7.574200 8.368100 7.646700 8.890000 8.257900 8.051700 
m_vison    8.160200 10.038800 7.995600 9.902800 0.000000 3.116700 5.958700 7.297400 7.883100 10.310800 7.943000 10.357700 9.793400 10.577400 10.620200 10.872900 7.487700 10.205600 7.544500 8.758800 8.443000 8.975100 8.129200 7.804200 7.596800 8.390700 7.669300 8.912600 8.280500 8.074300 
v_velox    5.043500 6.922100 4.878900 6.786100 3.116700 0.000000 2.842000 4.180700 4.766400 7.194100 4.826300 7.241000 6.676700 7.460700 7.503500 7.756200 4.371000 7.088900 4.427800 5.642100 5.326300 5.858400 5.012500 4.687500 4.480100 5.274000 4.552600 5.795900 5.163800 4.957600 
u_americanus7.155500 9.034100 6.990900 8.898100 5.958700 2.842000 0.000000 6.292700 6.878400 9.306100 6.938300 9.353000 8.788700 9.572700 9.615500 9.868200 6.483000 9.200900 6.539800 7.754100 7.438300 7.970400 7.124500 6.799500 6.592100 7.386000 6.664600 7.907900 7.275800 7.069600 
p_lotor    6.879600 8.758200 6.715000 8.622200 7.297400 4.180700 6.292700 0.000000 6.399900 9.030200 6.662400 9.077100 8.512800 9.296800 9.339600 9.592300 6.207100 8.925000 6.263900 7.478200 7.162400 7.694500 6.848600 6.523600 6.316200 7.110100 6.388700 7.632000 6.999900 6.793700 
p_concolor7.465300 9.343900 7.300700 9.207900 7.883100 4.766400 6.878400 6.399900 0.000000 9.615900 7.248100 9.662800 9.098500 9.882500 9.925300 10.178000 6.792800 9.510700 6.849600 8.063900 7.748100 8.280200 7.434300 7.109300 6.901900 7.695800 6.974400 8.217700 7.585600 7.379400 
s_putorius9.182600 11.061200 9.018000 10.925200 10.310800 7.194100 9.306100 9.030200 9.615900 0.000000 6.400000 10.907300 10.343000 11.127000 11.169800 11.422500 8.510100 11.228000 8.566900 9.781200 9.465400 9.997500 9.151600 8.826600 8.619200 9.413100 8.691700 9.935000 9.302900 9.096700 
s_pygmaea  6.814800 8.693400 6.650200 8.557400 7.943000 4.826300 6.938300 6.662400 7.248100 6.400000 0.000000 8.539500 7.975200 8.759200 8.802000 9.054700 6.142300 8.860200 6.199100 7.413400 7.097600 7.629700 6.783800 6.458800 6.251400 7.045300 6.323900 7.567200 6.935100 6.728900 
t_taxus    9.229500 11.108100 9.064900 10.972100 10.357700 7.241000 9.353000 9.077100 9.662800 10.907300 8.539500 0.000000 8.300100 10.169500 10.212300 10.465000 8.557000 11.274900 8.613800 9.828100 9.512300 10.044400 9.198500 8.873500 8.666100 9.460000 8.738600 9.981900 9.349800 9.143600 
u_arctos   8.665200 10.543800 8.500600 10.407800 9.793400 6.676700 8.788700 8.512800 9.098500 10.343000 7.975200 8.300100 0.000000 9.605200 9.648000 9.900700 7.992700 10.710600 8.049500 9.263800 8.948000 9.480100 8.634200 8.309200 8.101800 8.895700 8.174300 9.417600 8.785500 8.579300 
h_yaguarondi9.449200 11.327800 9.284600 11.191800 10.577400 7.460700 9.572700 9.296800 9.882500 11.127000 8.759200 10.169500 9.605200 0.000000 9.500200 9.978500 8.776700 11.494600 8.833500 10.047800 9.732000 10.264100 9.418200 9.093200 8.885800 9.679700 8.958300 10.201600 9.569500 9.363300 
n_narica   9.492000 11.370600 9.327400 11.234600 10.620200 7.503500 9.615500 9.339600 9.925300 11.169800 8.802000 10.212300 9.648000 9.500200 0.000000 10.021300 8.819500 11.537400 8.876300 10.090600 9.774800 10.306900 9.461000 9.136000 8.928600 9.722500 9.001100 10.244400 9.612300 9.406100 
v_vulpes   9.744700 11.623300 9.580100 11.487300 10.872900 7.756200 9.868200 9.592300 10.178000 11.422500 9.054700 10.465000 9.900700 9.978500 10.021300 0.000000 9.072200 11.790100 9.129000 10.343300 10.027500 10.559600 9.713700 9.388700 9.181300 9.975200 9.253800 10.497100 9.865000 9.658800 
c_lupus    5.571900 7.450500 5.557900 7.465100 7.487700 4.371000 6.483000 6.207100 6.792800 8.510100 6.142300 8.557000 7.992700 8.776700 8.819500 9.072200 0.000000 3.099900 4.458200 5.672500 5.356700 5.888800 5.042900 4.717900 4.510500 5.304400 4.583000 5.826300 5.194200 4.988000 
c_leuconotus8.289800 10.168400 8.275800 10.183000 10.205600 7.088900 9.200900 8.925000 9.510700 11.228000 8.860200 11.274900 10.710600 11.494600 11.537400 11.790100 3.099900 0.000000 7.176100 8.390400 8.074600 8.606700 7.760800 7.435800 7.228400 8.022300 7.300900 8.544200 7.912100 7.705900 
c_latrans  5.628700 7.507300 5.614700 7.521900 7.544500 4.427800 6.539800 6.263900 6.849600 8.566900 6.199100 8.613800 8.049500 8.833500 8.876300 9.129000 4.458200 7.176100 0.000000 2.700300 4.085500 4.617600 3.771700 3.446700 3.239300 4.033200 3.311800 4.555100 3.923000 3.716800 
m_pennanti6.843000 8.721600 6.829000 8.736200 8.758800 5.642100 7.754100 7.478200 8.063900 9.781200 7.413400 9.828100 9.263800 10.047800 10.090600 10.343300 5.672500 8.390400 2.700300 0.000000 5.299800 5.831900 4.986000 4.661000 4.453600 5.247500 4.526100 5.769400 5.137300 4.931100 
l_rufus    6.527200 8.405800 6.513200 8.420400 8.443000 5.326300 7.438300 7.162400 7.748100 9.465400 7.097600 9.512300 8.948000 9.732000 9.774800 10.027500 5.356700 8.074600 4.085500 5.299800 0.000000 3.700100 3.846600 3.521600 3.480000 4.564100 3.842700 5.453600 4.821500 4.615300 
p_onca     7.059300 8.937900 7.045300 8.952500 8.975100 5.858400 7.970400 7.694500 8.280200 9.997500 7.629700 10.044400 9.480100 10.264100 10.306900 10.559600 5.888800 8.606700 4.617600 5.831900 3.700100 0.000000 4.378700 4.053700 4.012100 5.096200 4.374800 5.985700 5.353600 5.147400 
m_erminea  6.213400 8.092000 6.199400 8.106600 8.129200 5.012500 7.124500 6.848600 7.434300 9.151600 6.783800 9.198500 8.634200 9.418200 9.461000 9.713700 5.042900 7.760800 3.771700 4.986000 3.846600 4.378700 0.000000 1.599800 3.166200 4.250300 3.528900 5.139800 4.507700 4.301500 
m_frenata  5.888400 7.767000 5.874400 7.781600 7.804200 4.687500 6.799500 6.523600 7.109300 8.826600 6.458800 8.873500 8.309200 9.093200 9.136000 9.388700 4.717900 7.435800 3.446700 4.661000 3.521600 4.053700 1.599800 0.000000 2.841200 3.925300 3.203900 4.814800 4.182700 3.976500 
m_nivalis  5.681000 7.559600 5.667000 7.574200 7.596800 4.480100 6.592100 6.316200 6.901900 8.619200 6.251400 8.666100 8.101800 8.885800 8.928600 9.181300 4.510500 7.228400 3.239300 4.453600 3.480000 4.012100 3.166200 2.841200 0.000000 3.717900 2.996500 4.607400 3.975300 3.769100 
l_canadensis6.474900 8.353500 6.460900 8.368100 8.390700 5.274000 7.386000 7.110100 7.695800 9.413100 7.045300 9.460000 8.895700 9.679700 9.722500 9.975200 5.304400 8.022300 4.033200 5.247500 4.564100 5.096200 4.250300 3.925300 3.717900 0.000000 3.300000 5.401300 4.769200 4.563000 
m_mephitis5.753500 7.632100 5.739500 7.646700 7.669300 4.552600 6.664600 6.388700 6.974400 8.691700 6.323900 8.738600 8.174300 8.958300 9.001100 9.253800 4.583000 7.300900 3.311800 4.526100 3.842700 4.374800 3.528900 3.203900 2.996500 3.300000 0.000000 4.679900 4.047800 3.841600 
m_americana6.996800 8.875400 6.982800 8.890000 8.912600 5.795900 7.907900 7.632000 8.217700 9.935000 7.567200 9.981900 9.417600 10.201600 10.244400 10.497100 5.826300 8.544200 4.555100 5.769400 5.453600 5.985700 5.139800 4.814800 4.607400 5.401300 4.679900 0.000000 4.399700 4.766500 
u_littoralis6.364700 8.243300 6.350700 8.257900 8.280500 5.163800 7.275800 6.999900 7.585600 9.302900 6.935100 9.349800 8.785500 9.569500 9.612300 9.865000 5.194200 7.912100 3.923000 5.137300 4.821500 5.353600 4.507700 4.182700 3.975300 4.769200 4.047800 4.399700 0.000000 4.134400 
l_canadensis6.158500 8.037100 6.144500 8.051700 8.074300 4.957600 7.069600 6.793700 7.379400 9.096700 6.728900 9.143600 8.579300 9.363300 9.406100 9.658800 4.988000 7.705900 3.716800 4.931100 4.615300 5.147400 4.301500 3.976500 3.769100 4.563000 3.841600 4.766500 4.134400 0.000000 

