20
p_onca     0.000000 200.000000 233.000000 291.000000 291.000000 366.000000 366.000000 337.000000 309.000000 293.000000 305.000000 305.000000 316.000000 316.000000 435.000000 435.000000 384.000000 362.000000 327.000000 303.000000 
l_pardalis200.000000 0.000000 233.000000 291.000000 291.000000 366.000000 366.000000 337.000000 309.000000 293.000000 305.000000 305.000000 316.000000 316.000000 435.000000 435.000000 384.000000 362.000000 327.000000 303.000000 
ly_canaden233.000000 233.000000 0.000000 258.000000 258.000000 333.000000 333.000000 304.000000 276.000000 260.000000 272.000000 272.000000 283.000000 283.000000 402.000000 402.000000 351.000000 329.000000 294.000000 270.000000 
v_lagopus  291.000000 291.000000 258.000000 0.000000 200.000000 345.000000 345.000000 316.000000 288.000000 272.000000 284.000000 284.000000 295.000000 295.000000 414.000000 414.000000 363.000000 341.000000 306.000000 282.000000 
c_lupus    291.000000 291.000000 258.000000 200.000000 0.000000 345.000000 345.000000 316.000000 288.000000 272.000000 284.000000 284.000000 295.000000 295.000000 414.000000 414.000000 363.000000 341.000000 306.000000 282.000000 
lo_canaden366.000000 366.000000 333.000000 345.000000 345.000000 0.000000 200.000000 229.000000 257.000000 273.000000 309.000000 309.000000 320.000000 320.000000 439.000000 439.000000 388.000000 366.000000 331.000000 307.000000 
m_mephitis366.000000 366.000000 333.000000 345.000000 345.000000 200.000000 0.000000 229.000000 257.000000 273.000000 309.000000 309.000000 320.000000 320.000000 439.000000 439.000000 388.000000 366.000000 331.000000 307.000000 
s_putorius337.000000 337.000000 304.000000 316.000000 316.000000 229.000000 229.000000 0.000000 228.000000 244.000000 280.000000 280.000000 291.000000 291.000000 410.000000 410.000000 359.000000 337.000000 302.000000 278.000000 
b_astutus  309.000000 309.000000 276.000000 288.000000 288.000000 257.000000 257.000000 228.000000 0.000000 216.000000 252.000000 252.000000 263.000000 263.000000 382.000000 382.000000 331.000000 309.000000 274.000000 250.000000 
p_lotor    293.000000 293.000000 260.000000 272.000000 272.000000 273.000000 273.000000 244.000000 216.000000 0.000000 236.000000 236.000000 247.000000 247.000000 366.000000 366.000000 315.000000 293.000000 258.000000 234.000000 
t_taxus    305.000000 305.000000 272.000000 284.000000 284.000000 309.000000 309.000000 280.000000 252.000000 236.000000 0.000000 200.000000 247.000000 247.000000 366.000000 366.000000 315.000000 293.000000 258.000000 234.000000 
n_narica   305.000000 305.000000 272.000000 284.000000 284.000000 309.000000 309.000000 280.000000 252.000000 236.000000 200.000000 0.000000 247.000000 247.000000 366.000000 366.000000 315.000000 293.000000 258.000000 234.000000 
u_arctos   316.000000 316.000000 283.000000 295.000000 295.000000 320.000000 320.000000 291.000000 263.000000 247.000000 247.000000 247.000000 0.000000 200.000000 357.000000 357.000000 306.000000 284.000000 249.000000 225.000000 
m_american316.000000 316.000000 283.000000 295.000000 295.000000 320.000000 320.000000 291.000000 263.000000 247.000000 247.000000 247.000000 200.000000 0.000000 357.000000 357.000000 306.000000 284.000000 249.000000 225.000000 
g_gulo     435.000000 435.000000 402.000000 414.000000 414.000000 439.000000 439.000000 410.000000 382.000000 366.000000 366.000000 366.000000 357.000000 357.000000 0.000000 200.000000 251.000000 273.000000 308.000000 332.000000 
m_erminea  435.000000 435.000000 402.000000 414.000000 414.000000 439.000000 439.000000 410.000000 382.000000 366.000000 366.000000 366.000000 357.000000 357.000000 200.000000 0.000000 251.000000 273.000000 308.000000 332.000000 
n_vison    384.000000 384.000000 351.000000 363.000000 363.000000 388.000000 388.000000 359.000000 331.000000 315.000000 315.000000 315.000000 306.000000 306.000000 251.000000 251.000000 0.000000 222.000000 257.000000 281.000000 
m_nivalis  362.000000 362.000000 329.000000 341.000000 341.000000 366.000000 366.000000 337.000000 309.000000 293.000000 293.000000 293.000000 284.000000 284.000000 273.000000 273.000000 222.000000 0.000000 235.000000 259.000000 
m_frenata  327.000000 327.000000 294.000000 306.000000 306.000000 331.000000 331.000000 302.000000 274.000000 258.000000 258.000000 258.000000 249.000000 249.000000 308.000000 308.000000 257.000000 235.000000 0.000000 224.000000 
m_pennanti303.000000 303.000000 270.000000 282.000000 282.000000 307.000000 307.000000 278.000000 250.000000 234.000000 234.000000 234.000000 225.000000 225.000000 332.000000 332.000000 281.000000 259.000000 224.000000 0.000000 

30
s_putorius0.000000 7.500000 9.213700 9.967300 10.375700 10.386000 10.528900 11.116800 11.209600 10.902100 9.743100 8.293100 8.069800 10.569800 10.192800 8.689200 9.500400 10.068200 8.646300 9.614100 9.550600 8.717200 8.817200 9.464900 9.104200 8.833400 9.972600 10.957600 7.767600 10.129900 
s_pygmaea  7.500000 0.000000 7.513700 8.267300 8.675700 8.686000 8.828900 9.416800 9.509600 9.202100 8.043100 6.593100 6.369800 8.869800 8.492800 6.989200 7.800400 8.368200 6.946300 7.914100 7.850600 7.017200 7.117200 7.764900 7.404200 7.133400 8.272600 9.257600 6.067600 8.429900 
a_lagopus  9.213700 7.513700 0.000000 6.899200 7.973200 8.752100 8.895000 9.482900 9.575700 9.268200 8.334200 6.884200 6.660900 9.160900 8.783900 7.280300 8.091500 8.659300 7.237400 8.205200 8.141700 7.308300 7.408300 8.056000 7.695300 7.424500 8.563700 9.548700 6.358700 8.721000 
b_astutus  9.967300 8.267300 6.899200 0.000000 8.726800 9.505700 9.648600 10.236500 10.329300 10.021800 9.087800 7.637800 7.414500 9.914500 9.537500 8.033900 8.845100 9.412900 7.991000 8.958800 8.895300 8.061900 8.161900 8.809600 8.448900 8.178100 9.317300 10.302300 7.112300 9.474600 
c_leuconotus10.375700 8.675700 7.973200 8.726800 0.000000 9.914100 10.057000 10.644900 10.737700 10.430200 9.496200 8.046200 7.822900 10.322900 9.945900 8.442300 9.253500 9.821300 8.399400 9.367200 9.303700 8.470300 8.570300 9.218000 8.857300 8.586500 9.725700 10.710700 7.520700 9.883000 
h_yaguarondi10.386000 8.686000 8.752100 9.505700 9.914100 0.000000 8.599900 9.936000 10.028800 9.721300 9.506500 8.056500 7.833200 10.333200 9.956200 8.452600 9.263800 9.831600 8.409700 9.377500 9.314000 8.480600 8.580600 9.228300 8.867600 8.596800 9.736000 10.721000 7.531000 9.893300 
n_narica   10.528900 8.828900 8.895000 9.648600 10.057000 8.599900 0.000000 10.078900 10.171700 9.864200 9.649400 8.199400 7.976100 10.476100 10.099100 8.595500 9.406700 9.974500 8.552600 9.520400 9.456900 8.623500 8.723500 9.371200 9.010500 8.739700 9.878900 10.863900 7.673900 10.036200 
u_arctos   11.116800 9.416800 9.482900 10.236500 10.644900 9.936000 10.078900 0.000000 10.000200 9.903300 10.237300 8.787300 8.564000 11.064000 10.687000 9.183400 9.994600 10.562400 9.140500 10.108300 10.044800 9.211400 9.311400 9.959100 9.598400 9.327600 10.466800 11.451800 8.261800 10.624100 
v_vulpes   11.209600 9.509600 9.575700 10.329300 10.737700 10.028800 10.171700 10.000200 0.000000 9.996100 10.330100 8.880100 8.656800 11.156800 10.779800 9.276200 10.087400 10.655200 9.233300 10.201100 10.137600 9.304200 9.404200 10.051900 9.691200 9.420400 10.559600 11.544600 8.354600 10.716900 
t_taxus    10.902100 9.202100 9.268200 10.021800 10.430200 9.721300 9.864200 9.903300 9.996100 0.000000 10.022600 8.572600 8.349300 10.849300 10.472300 8.968700 9.779900 10.347700 8.925800 9.893600 9.830100 8.996700 9.096700 9.744400 9.383700 9.112900 10.252100 11.237100 8.047100 10.409400 
p_lotor    9.743100 8.043100 8.334200 9.087800 9.496200 9.506500 9.649400 10.237300 10.330100 10.022600 0.000000 2.699600 6.330100 8.830100 8.453100 6.949500 7.760700 8.328500 6.906600 7.874400 7.810900 6.977500 7.077500 7.725200 7.364500 7.093700 8.232900 9.217900 6.027900 8.390200 
u_littoralis8.293100 6.593100 6.884200 7.637800 8.046200 8.056500 8.199400 8.787300 8.880100 8.572600 2.699600 0.000000 4.880100 7.380100 7.003100 5.499500 6.310700 6.878500 5.456600 6.424400 6.360900 5.527500 5.627500 6.275200 5.914500 5.643700 6.782900 7.767900 4.577900 6.940200 
c_latrans  8.069800 6.369800 6.660900 7.414500 7.822900 7.833200 7.976100 8.564000 8.656800 8.349300 6.330100 4.880100 0.000000 2.500000 6.152000 4.648400 5.627200 6.195000 4.773100 5.740900 5.677400 4.844000 4.944000 5.591700 5.231000 4.960200 6.099400 7.369000 4.179000 6.541300 
l_pardalis10.569800 8.869800 9.160900 9.914500 10.322900 10.333200 10.476100 11.064000 11.156800 10.849300 8.830100 7.380100 2.500000 0.000000 8.652000 7.148400 8.127200 8.695000 7.273100 8.240900 8.177400 7.344000 7.444000 8.091700 7.731000 7.460200 8.599400 9.869000 6.679000 9.041300 
m_vison    10.192800 8.492800 8.783900 9.537500 9.945900 9.956200 10.099100 10.687000 10.779800 10.472300 8.453100 7.003100 6.152000 8.652000 0.000000 1.799800 7.750200 8.318000 6.896100 7.863900 7.800400 6.967000 7.067000 7.714700 7.354000 7.083200 8.222400 9.492000 6.302000 8.664300 
p_onca     8.689200 6.989200 7.280300 8.033900 8.442300 8.452600 8.595500 9.183400 9.276200 8.968700 6.949500 5.499500 4.648400 7.148400 1.799800 0.000000 6.246600 6.814400 5.392500 6.360300 6.296800 5.463400 5.563400 6.211100 5.850400 5.579600 6.718800 7.988400 4.798400 7.160700 
c_lupus    9.500400 7.800400 8.091500 8.845100 9.253500 9.263800 9.406700 9.994600 10.087400 9.779900 7.760700 6.310700 5.627200 8.127200 7.750200 6.246600 0.000000 6.399800 5.058900 6.026700 5.963200 5.403400 5.503400 6.151100 5.790400 5.519600 6.658800 8.799600 5.609600 7.971900 
m_americana10.068200 8.368200 8.659300 9.412900 9.821300 9.831600 9.974500 10.562400 10.655200 10.347700 8.328500 6.878500 6.195000 8.695000 8.318000 6.814400 6.399800 0.000000 5.626700 6.594500 6.531000 5.971200 6.071200 6.718900 6.358200 6.087400 7.226600 9.367400 6.177400 8.539700 
l_canadensis8.646300 6.946300 7.237400 7.991000 8.399400 8.409700 8.552600 9.140500 9.233300 8.925800 6.906600 5.456600 4.773100 7.273100 6.896100 5.392500 5.058900 5.626700 0.000000 1.900600 4.315900 4.549300 4.649300 5.297000 4.936300 4.665500 5.804700 7.945500 4.755500 7.117800 
m_pennanti9.614100 7.914100 8.205200 8.958800 9.367200 9.377500 9.520400 10.108300 10.201100 9.893600 7.874400 6.424400 5.740900 8.240900 7.863900 6.360300 6.026700 6.594500 1.900600 0.000000 5.283700 5.517100 5.617100 6.264800 5.904100 5.633300 6.772500 8.913300 5.723300 8.085600 
l_canadensis9.550600 7.850600 8.141700 8.895300 9.303700 9.314000 9.456900 10.044800 10.137600 9.830100 7.810900 6.360900 5.677400 8.177400 7.800400 6.296800 5.963200 6.531000 4.315900 5.283700 0.000000 5.453600 5.553600 6.201300 5.840600 5.569800 6.709000 8.849800 5.659800 8.022100 
m_mephitis8.717200 7.017200 7.308300 8.061900 8.470300 8.480600 8.623500 9.211400 9.304200 8.996700 6.977500 5.527500 4.844000 7.344000 6.967000 5.463400 5.403400 5.971200 4.549300 5.517100 5.453600 0.000000 1.900000 4.605300 4.244600 4.534000 5.673200 8.016400 4.826400 7.188700 
m_nivalis  8.817200 7.117200 7.408300 8.161900 8.570300 8.580600 8.723500 9.311400 9.404200 9.096700 7.077500 5.627500 4.944000 7.444000 7.067000 5.563400 5.503400 6.071200 4.649300 5.617100 5.553600 1.900000 0.000000 4.705300 4.344600 4.634000 5.773200 8.116400 4.926400 7.288700 
l_rufus    9.464900 7.764900 8.056000 8.809600 9.218000 9.228300 9.371200 9.959100 10.051900 9.744400 7.725200 6.275200 5.591700 8.091700 7.714700 6.211100 6.151100 6.718900 5.297000 6.264800 6.201300 4.605300 4.705300 0.000000 4.000100 5.281700 6.420900 8.764100 5.574100 7.936400 
m_erminea  9.104200 7.404200 7.695300 8.448900 8.857300 8.867600 9.010500 9.598400 9.691200 9.383700 7.364500 5.914500 5.231000 7.731000 7.354000 5.850400 5.790400 6.358200 4.936300 5.904100 5.840600 4.244600 4.344600 4.000100 0.000000 4.921000 6.060200 8.403400 5.213400 7.575700 
m_frenata  8.833400 7.133400 7.424500 8.178100 8.586500 8.596800 8.739700 9.327600 9.420400 9.112900 7.093700 5.643700 4.960200 7.460200 7.083200 5.579600 5.519600 6.087400 4.665500 5.633300 5.569800 4.534000 4.634000 5.281700 4.921000 0.000000 5.100600 8.132600 4.942600 7.304900 
p_concolor9.972600 8.272600 8.563700 9.317300 9.725700 9.736000 9.878900 10.466800 10.559600 10.252100 8.232900 6.782900 6.099400 8.599400 8.222400 6.718800 6.658800 7.226600 5.804700 6.772500 6.709000 5.673200 5.773200 6.420900 6.060200 5.100600 0.000000 9.271800 6.081800 8.444100 
u_americanus10.957600 9.257600 9.548700 10.302300 10.710700 10.721000 10.863900 11.451800 11.544600 11.237100 9.217900 7.767900 7.369000 9.869000 9.492000 7.988400 8.799600 9.367400 7.945500 8.913300 8.849800 8.016400 8.116400 8.764100 8.403400 8.132600 9.271800 0.000000 3.190000 9.429100 
v_velox    7.767600 6.067600 6.358700 7.112300 7.520700 7.531000 7.673900 8.261800 8.354600 8.047100 6.027900 4.577900 4.179000 6.679000 6.302000 4.798400 5.609600 6.177400 4.755500 5.723300 5.659800 4.826400 4.926400 5.574100 5.213400 4.942600 6.081800 3.190000 0.000000 6.239100 
g_gulo     10.129900 8.429900 8.721000 9.474600 9.883000 9.893300 10.036200 10.624100 10.716900 10.409400 8.390200 6.940200 6.541300 9.041300 8.664300 7.160700 7.971900 8.539700 7.117800 8.085600 8.022100 7.188700 7.288700 7.936400 7.575700 7.304900 8.444100 9.429100 6.239100 0.000000 

