14
Lithua_O    0.000000 0.111110 0.118055 0.330355 0.413195 0.413195 0.330355 0.477275 0.475000 0.287500 0.397320 0.412880 0.330355 0.477275 
Lithua_ST   0.111110 0.000000 0.111110 0.375000 0.388890 0.388890 0.375000 0.454550 0.500000 0.325000 0.437500 0.416670 0.375000 0.454550 
Latvian     0.118055 0.111110 0.000000 0.285710 0.437500 0.437500 0.285710 0.500000 0.550000 0.250000 0.357140 0.454550 0.285710 0.500000 
Slovenian   0.330355 0.375000 0.285710 0.000000 0.214290 0.357140 0.000000 0.333330 0.388890 0.281250 0.083330 0.550000 0.000000 0.555560 
Lusatia_L   0.413195 0.388890 0.437500 0.214290 0.000000 0.125000 0.214290 0.350000 0.400000 0.361110 0.142860 0.454550 0.214290 0.500000 
Lusatia_U   0.413195 0.388890 0.437500 0.357140 0.125000 0.000000 0.357140 0.450000 0.500000 0.416670 0.285710 0.454550 0.357140 0.500000 
Czech       0.330355 0.375000 0.285710 0.000000 0.214290 0.357140 0.000000 0.333330 0.388890 0.281250 0.083330 0.550000 0.000000 0.555560 
Slovak      0.477275 0.454550 0.500000 0.333330 0.350000 0.450000 0.333330 0.000000 0.208330 0.386360 0.388890 0.384620 0.333330 0.250000 
Czech_E     0.475000 0.500000 0.550000 0.388890 0.400000 0.500000 0.388890 0.208330 0.000000 0.386360 0.444440 0.384620 0.388890 0.250000 
Ukrainian   0.287500 0.325000 0.250000 0.281250 0.361110 0.416670 0.281250 0.386360 0.386360 0.000000 0.343750 0.437500 0.281250 0.477270 
Byelo       0.397320 0.437500 0.357140 0.083330 0.142860 0.285710 0.083330 0.388890 0.444440 0.343750 0.000000 0.500000 0.083330 0.555560 
Polish      0.412880 0.416670 0.454550 0.550000 0.454550 0.454550 0.550000 0.384620 0.384620 0.437500 0.500000 0.000000 0.550000 0.384620 
Russian     0.330355 0.375000 0.285710 0.000000 0.214290 0.357140 0.000000 0.333330 0.388890 0.281250 0.083330 0.550000 0.000000 0.555560 
Bulgarian   0.477275 0.454550 0.500000 0.555560 0.500000 0.500000 0.555560 0.250000 0.250000 0.477270 0.555560 0.384620 0.555560 0.000000 
17
Romanian    0.000000 0.125000 0.333330 0.250000 0.236110 0.250000 0.142860 0.285710 0.285710 0.222220 0.125000 0.222220 0.187500 0.187500 0.187500 0.133930 0.125000 
Vlach       0.125000 0.000000 0.222220 0.250000 0.236110 0.250000 0.285710 0.142860 0.142860 0.333330 0.250000 0.333330 0.312500 0.312500 0.312500 0.267855 0.000000 
Italian     0.333330 0.222220 0.000000 0.222220 0.266665 0.333330 0.375000 0.250000 0.250000 0.200000 0.333330 0.200000 0.277780 0.277780 0.277780 0.354165 0.222220 
Ladin       0.250000 0.250000 0.222220 0.000000 0.291665 0.250000 0.142860 0.142860 0.142860 0.333330 0.250000 0.333330 0.312500 0.312500 0.312500 0.196430 0.250000 
Provencal   0.236110 0.236110 0.266665 0.291665 0.000000 0.055555 0.196430 0.196430 0.196430 0.211110 0.236110 0.211110 0.208335 0.208335 0.208335 0.216270 0.236110 
French      0.250000 0.250000 0.333330 0.250000 0.055555 0.000000 0.142860 0.142860 0.142860 0.222220 0.250000 0.222220 0.250000 0.250000 0.250000 0.196430 0.250000 
Walloon     0.142860 0.285710 0.375000 0.142860 0.196430 0.142860 0.000000 0.166670 0.166670 0.250000 0.142860 0.250000 0.214290 0.214290 0.214290 0.071430 0.285710 
Creole_C    0.285710 0.142860 0.250000 0.142860 0.196430 0.142860 0.166670 0.000000 0.000000 0.375000 0.285710 0.375000 0.357140 0.357140 0.357140 0.226190 0.142860 
Creole_D    0.285710 0.142860 0.250000 0.142860 0.196430 0.142860 0.166670 0.000000 0.000000 0.375000 0.285710 0.375000 0.357140 0.357140 0.357140 0.226190 0.142860 
SardiniaN   0.222220 0.333330 0.200000 0.333330 0.211110 0.222220 0.250000 0.375000 0.375000 0.000000 0.111110 0.000000 0.277780 0.277780 0.277780 0.236110 0.333330 
SardiniaL   0.125000 0.250000 0.333330 0.250000 0.236110 0.250000 0.142860 0.285710 0.285710 0.111110 0.000000 0.111110 0.187500 0.187500 0.187500 0.133930 0.250000 
SardiniaC   0.222220 0.333330 0.200000 0.333330 0.211110 0.222220 0.250000 0.375000 0.375000 0.000000 0.111110 0.000000 0.277780 0.277780 0.277780 0.236110 0.333330 
Spanish     0.187500 0.312500 0.277780 0.312500 0.208335 0.250000 0.214290 0.357140 0.357140 0.277780 0.187500 0.277780 0.000000 0.000000 0.000000 0.200895 0.312500 
Portugues   0.187500 0.312500 0.277780 0.312500 0.208335 0.250000 0.214290 0.357140 0.357140 0.277780 0.187500 0.277780 0.000000 0.000000 0.000000 0.200895 0.312500 
Brazilian   0.187500 0.312500 0.277780 0.312500 0.208335 0.250000 0.214290 0.357140 0.357140 0.277780 0.187500 0.277780 0.000000 0.000000 0.000000 0.200895 0.312500 
Catalan     0.133930 0.267855 0.354165 0.196430 0.216270 0.196430 0.071430 0.226190 0.226190 0.236110 0.133930 0.236110 0.200895 0.200895 0.200895 0.000000 0.267855 
Alban_K     0.125000 0.000000 0.222220 0.250000 0.236110 0.250000 0.285710 0.142860 0.142860 0.333330 0.250000 0.333330 0.312500 0.312500 0.312500 0.267855 0.000000 
25
Irish_A     0.000000 0.000000 0.375000 0.500000 0.375000 0.250000 0.428570 0.333330 0.375000 0.291665 0.384920 0.428570 0.500000 0.392857 0.500000 0.250000 0.444440 0.444440 0.428570 0.428570 0.444440 0.444440 0.500000 0.444440 0.444440 
Irish_B     0.000000 0.000000 0.375000 0.500000 0.375000 0.250000 0.428570 0.333330 0.375000 0.291665 0.384920 0.428570 0.500000 0.392857 0.500000 0.250000 0.444440 0.444440 0.428570 0.428570 0.444440 0.444440 0.500000 0.444440 0.444440 
Breton_L    0.375000 0.375000 0.000000 0.333330 0.000000 0.375000 0.142860 0.444440 0.437500 0.409720 0.487433 0.285710 0.500000 0.345237 0.500000 0.375000 0.444440 0.444440 0.285710 0.428570 0.222220 0.222220 0.375000 0.222220 0.222220 
Breton_SE   0.500000 0.500000 0.333330 0.000000 0.333330 0.500000 0.200000 0.571430 0.375000 0.535715 0.607143 0.400000 0.250000 0.466667 0.250000 0.500000 0.571430 0.571430 0.400000 0.400000 0.428570 0.428570 0.333330 0.428570 0.428570 
Breton_ST   0.375000 0.375000 0.000000 0.333330 0.000000 0.375000 0.142860 0.444440 0.437500 0.409720 0.487433 0.285710 0.500000 0.345237 0.500000 0.375000 0.444440 0.444440 0.285710 0.428570 0.222220 0.222220 0.375000 0.222220 0.222220 
German_ST   0.250000 0.250000 0.375000 0.500000 0.375000 0.000000 0.285710 0.111110 0.166665 0.055555 0.179893 0.142860 0.333330 0.130953 0.333330 0.000000 0.222220 0.222220 0.142860 0.285710 0.444440 0.444440 0.375000 0.444440 0.444440 
PennDutch   0.428570 0.428570 0.142860 0.200000 0.142860 0.285710 0.000000 0.375000 0.342855 0.330355 0.425363 0.166670 0.400000 0.246030 0.400000 0.285710 0.375000 0.375000 0.166670 0.333330 0.375000 0.375000 0.285710 0.375000 0.375000 
Dutch       0.333330 0.333330 0.444440 0.571430 0.444440 0.111110 0.375000 0.000000 0.269840 0.055555 0.170370 0.250000 0.428570 0.231480 0.428570 0.111110 0.200000 0.200000 0.250000 0.375000 0.300000 0.400000 0.333330 0.400000 0.400000 
Afrikaans   0.375000 0.375000 0.437500 0.375000 0.437500 0.166665 0.342855 0.269840 0.000000 0.218253 0.328042 0.171430 0.166665 0.209920 0.166665 0.166665 0.325395 0.325395 0.171430 0.242855 0.507935 0.507935 0.437500 0.507935 0.507935 
Flemish     0.291665 0.291665 0.409720 0.535715 0.409720 0.055555 0.330355 0.055555 0.218253 0.000000 0.175132 0.196430 0.380950 0.181217 0.380950 0.055555 0.211110 0.211110 0.196430 0.330355 0.372220 0.422220 0.354165 0.422220 0.422220 
Frisian     0.384920 0.384920 0.487433 0.607143 0.487433 0.179893 0.425363 0.170370 0.328042 0.175132 0.000000 0.310440 0.476190 0.283814 0.476190 0.179893 0.274073 0.274073 0.310440 0.399723 0.448147 0.481480 0.450397 0.481480 0.481480 
SwedishUp   0.428570 0.428570 0.285710 0.400000 0.285710 0.142860 0.166670 0.250000 0.171430 0.196430 0.310440 0.000000 0.200000 0.095240 0.200000 0.142860 0.250000 0.250000 0.000000 0.166670 0.500000 0.500000 0.428570 0.500000 0.500000 
SwedishVL   0.500000 0.500000 0.500000 0.250000 0.500000 0.333330 0.400000 0.428570 0.166665 0.380950 0.476190 0.200000 0.000000 0.288887 0.000000 0.333330 0.428570 0.428570 0.200000 0.200000 0.571430 0.571430 0.500000 0.571430 0.571430 
Swedish     0.392857 0.392857 0.345237 0.466667 0.345237 0.130953 0.246030 0.231480 0.209920 0.181217 0.283814 0.095240 0.288887 0.000000 0.288887 0.130953 0.231480 0.231480 0.095240 0.198413 0.462960 0.462960 0.392857 0.462960 0.462960 
Danish      0.500000 0.500000 0.500000 0.250000 0.500000 0.333330 0.400000 0.428570 0.166665 0.380950 0.476190 0.200000 0.000000 0.288887 0.000000 0.333330 0.428570 0.428570 0.200000 0.200000 0.571430 0.571430 0.500000 0.571430 0.571430 
Riksmal     0.250000 0.250000 0.375000 0.500000 0.375000 0.000000 0.285710 0.111110 0.166665 0.055555 0.179893 0.142860 0.333330 0.130953 0.333330 0.000000 0.222220 0.222220 0.142860 0.285710 0.444440 0.444440 0.375000 0.444440 0.444440 
Icelandic   0.444440 0.444440 0.444440 0.571430 0.444440 0.222220 0.375000 0.200000 0.325395 0.211110 0.274073 0.250000 0.428570 0.231480 0.428570 0.222220 0.000000 0.000000 0.250000 0.375000 0.400000 0.400000 0.444440 0.400000 0.400000 
Faroese     0.444440 0.444440 0.444440 0.571430 0.444440 0.222220 0.375000 0.200000 0.325395 0.211110 0.274073 0.250000 0.428570 0.231480 0.428570 0.222220 0.000000 0.000000 0.250000 0.375000 0.400000 0.400000 0.444440 0.400000 0.400000 
English     0.428570 0.428570 0.285710 0.400000 0.285710 0.142860 0.166670 0.250000 0.171430 0.196430 0.310440 0.000000 0.200000 0.095240 0.200000 0.142860 0.250000 0.250000 0.000000 0.166670 0.500000 0.500000 0.428570 0.500000 0.500000 
Sranan      0.428570 0.428570 0.428570 0.400000 0.428570 0.285710 0.333330 0.375000 0.242855 0.330355 0.399723 0.166670 0.200000 0.198413 0.200000 0.285710 0.375000 0.375000 0.166670 0.000000 0.500000 0.500000 0.428570 0.500000 0.500000 
Greek_ML    0.444440 0.444440 0.222220 0.428570 0.222220 0.444440 0.375000 0.300000 0.507935 0.372220 0.448147 0.500000 0.571430 0.462960 0.571430 0.444440 0.400000 0.400000 0.500000 0.500000 0.000000 0.100000 0.111110 0.100000 0.100000 
Greek_MD    0.444440 0.444440 0.222220 0.428570 0.222220 0.444440 0.375000 0.400000 0.507935 0.422220 0.481480 0.500000 0.571430 0.462960 0.571430 0.444440 0.400000 0.400000 0.500000 0.500000 0.100000 0.000000 0.222220 0.000000 0.000000 
Greek_Mod   0.500000 0.500000 0.375000 0.333330 0.375000 0.375000 0.285710 0.333330 0.437500 0.354165 0.450397 0.428570 0.500000 0.392857 0.500000 0.375000 0.444440 0.444440 0.428570 0.428570 0.111110 0.222220 0.000000 0.222220 0.222220 
Greek_D     0.444440 0.444440 0.222220 0.428570 0.222220 0.444440 0.375000 0.400000 0.507935 0.422220 0.481480 0.500000 0.571430 0.462960 0.571430 0.444440 0.400000 0.400000 0.500000 0.500000 0.100000 0.000000 0.222220 0.000000 0.000000 
Greek_K     0.444440 0.444440 0.222220 0.428570 0.222220 0.444440 0.375000 0.400000 0.507935 0.422220 0.481480 0.500000 0.571430 0.462960 0.571430 0.444440 0.400000 0.400000 0.500000 0.500000 0.100000 0.000000 0.222220 0.000000 0.000000 
4
Alban_T     0.000000 0.090910 0.090910 0.200000 
Alban_Top   0.090910 0.000000 0.200000 0.111110 
Alban_G     0.090910 0.200000 0.000000 0.111110 
ALban_C     0.200000 0.111110 0.111110 0.000000 
4
Singhales   0.000000 0.416670 0.400000 0.300000 
Waziri      0.416670 0.000000 0.300000 0.300000 
Persian     0.400000 0.300000 0.000000 0.250000 
Tadzik      0.300000 0.300000 0.250000 0.000000 
6
Panjabi     0.000000 0.142860 0.000000 0.166670 0.305557 0.375000 
Lahnda      0.142860 0.000000 0.142860 0.285710 0.317457 0.333330 
Hindi       0.000000 0.142860 0.000000 0.166670 0.305557 0.375000 
Bengali     0.166670 0.285710 0.166670 0.000000 0.305557 0.375000 
Nepali      0.305557 0.317457 0.305557 0.305557 0.000000 0.150000 
Khaskura    0.375000 0.333330 0.375000 0.375000 0.150000 0.000000 
8
Macedonia   0.000000 0.200000 0.500000 0.500000 0.333330 0.333330 0.333330 0.333330 
Serbo       0.200000 0.000000 0.333330 0.428570 0.285710 0.285710 0.285710 0.285710 
Romani      0.500000 0.333330 0.000000 0.300000 0.200000 0.300000 0.200000 0.300000 
Kashmiri    0.500000 0.428570 0.300000 0.000000 0.250000 0.250000 0.250000 0.250000 
Panjabi     0.333330 0.285710 0.200000 0.250000 0.000000 0.125000 0.000000 0.125000 
Lahnda      0.333330 0.285710 0.300000 0.250000 0.125000 0.000000 0.125000 0.125000 
Hindi       0.333330 0.285710 0.200000 0.250000 0.000000 0.125000 0.000000 0.125000 
Baluchi     0.333330 0.285710 0.300000 0.250000 0.125000 0.125000 0.125000 0.000000 
13
Irish_A     0.000000 0.000000 0.600000 0.600000 0.547620 0.547620 0.547620 0.571430 0.571430 0.500000 0.500000 0.500000 0.500000 
Irish_B     0.000000 0.000000 0.600000 0.600000 0.547620 0.547620 0.547620 0.571430 0.571430 0.500000 0.500000 0.500000 0.500000 
Welsh_N     0.600000 0.600000 0.000000 0.000000 0.416665 0.416665 0.416665 0.750000 0.750000 0.666670 0.666670 0.666670 0.666670 
Welsh_C     0.600000 0.600000 0.000000 0.000000 0.416665 0.416665 0.416665 0.750000 0.750000 0.666670 0.666670 0.666670 0.666670 
Breton_L    0.547620 0.547620 0.416665 0.416665 0.000000 0.100000 0.100000 0.550000 0.550000 0.450000 0.450000 0.450000 0.450000 
Breton_SE   0.547620 0.547620 0.416665 0.416665 0.100000 0.000000 0.100000 0.550000 0.550000 0.450000 0.450000 0.450000 0.450000 
Breton_ST   0.547620 0.547620 0.416665 0.416665 0.100000 0.100000 0.000000 0.550000 0.550000 0.450000 0.450000 0.450000 0.450000 
SwedishUp   0.571430 0.571430 0.750000 0.750000 0.550000 0.550000 0.550000 0.000000 0.000000 0.400000 0.400000 0.400000 0.400000 
Swedish     0.571430 0.571430 0.750000 0.750000 0.550000 0.550000 0.550000 0.000000 0.000000 0.400000 0.400000 0.400000 0.400000 
Danish      0.500000 0.500000 0.666670 0.666670 0.450000 0.450000 0.450000 0.400000 0.400000 0.000000 0.000000 0.000000 0.000000 
Riksmal     0.500000 0.500000 0.666670 0.666670 0.450000 0.450000 0.450000 0.400000 0.400000 0.000000 0.000000 0.000000 0.000000 
Icelandic   0.500000 0.500000 0.666670 0.666670 0.450000 0.450000 0.450000 0.400000 0.400000 0.000000 0.000000 0.000000 0.000000 
Faroese     0.500000 0.500000 0.666670 0.666670 0.450000 0.450000 0.450000 0.400000 0.400000 0.000000 0.000000 0.000000 0.000000 
6
Hindi       0.000000 0.250000 0.500000 0.400000 0.500000 0.500000 
Bengali     0.250000 0.000000 0.250000 0.200000 0.250000 0.250000 
Nepali      0.500000 0.250000 0.000000 0.200000 0.000000 0.000000 
Khaskura    0.400000 0.200000 0.200000 0.000000 0.200000 0.200000 
Afghan      0.500000 0.250000 0.000000 0.200000 0.000000 0.000000 
Waziri      0.500000 0.250000 0.000000 0.200000 0.000000 0.000000 
27
Italian     0.000000 0.166665 0.166665 0.229165 0.229165 0.166665 0.166665 0.166665 0.166665 0.166665 0.166665 0.166665 0.575000 0.675000 0.291665 0.291665 0.291665 0.291665 0.575000 0.291665 0.583335 0.583335 0.466665 0.550000 0.344443 0.466665 0.166665 
Ladin       0.166665 0.000000 0.166665 0.229165 0.229165 0.166665 0.166665 0.166665 0.166665 0.166665 0.166665 0.166665 0.575000 0.675000 0.291665 0.291665 0.291665 0.291665 0.575000 0.291665 0.583335 0.583335 0.466665 0.550000 0.344443 0.466665 0.166665 
Provencal   0.166665 0.166665 0.000000 0.333330 0.333330 0.000000 0.000000 0.000000 0.000000 0.000000 0.000000 0.000000 0.750000 0.750000 0.333330 0.333330 0.333330 0.333330 0.750000 0.333330 0.666670 0.666670 0.600000 0.500000 0.277777 0.600000 0.000000 
French      0.229165 0.229165 0.333330 0.000000 0.000000 0.333330 0.333330 0.333330 0.333330 0.333330 0.333330 0.333330 0.500000 0.600000 0.250000 0.250000 0.250000 0.250000 0.500000 0.250000 0.500000 0.500000 0.416670 0.600000 0.411110 0.416670 0.333330 
Walloon     0.229165 0.229165 0.333330 0.000000 0.000000 0.333330 0.333330 0.333330 0.333330 0.333330 0.333330 0.333330 0.500000 0.600000 0.250000 0.250000 0.250000 0.250000 0.500000 0.250000 0.500000 0.500000 0.416670 0.600000 0.411110 0.416670 0.333330 
Creole_C    0.166665 0.166665 0.000000 0.333330 0.333330 0.000000 0.000000 0.000000 0.000000 0.000000 0.000000 0.000000 0.750000 0.750000 0.333330 0.333330 0.333330 0.333330 0.750000 0.333330 0.666670 0.666670 0.600000 0.500000 0.277777 0.600000 0.000000 
SardiniaN   0.166665 0.166665 0.000000 0.333330 0.333330 0.000000 0.000000 0.000000 0.000000 0.000000 0.000000 0.000000 0.750000 0.750000 0.333330 0.333330 0.333330 0.333330 0.750000 0.333330 0.666670 0.666670 0.600000 0.500000 0.277777 0.600000 0.000000 
SardiniaL   0.166665 0.166665 0.000000 0.333330 0.333330 0.000000 0.000000 0.000000 0.000000 0.000000 0.000000 0.000000 0.750000 0.750000 0.333330 0.333330 0.333330 0.333330 0.750000 0.333330 0.666670 0.666670 0.600000 0.500000 0.277777 0.600000 0.000000 
SardiniaC   0.166665 0.166665 0.000000 0.333330 0.333330 0.000000 0.000000 0.000000 0.000000 0.000000 0.000000 0.000000 0.750000 0.750000 0.333330 0.333330 0.333330 0.333330 0.750000 0.333330 0.666670 0.666670 0.600000 0.500000 0.277777 0.600000 0.000000 
Portugues   0.166665 0.166665 0.000000 0.333330 0.333330 0.000000 0.000000 0.000000 0.000000 0.000000 0.000000 0.000000 0.750000 0.750000 0.333330 0.333330 0.333330 0.333330 0.750000 0.333330 0.666670 0.666670 0.600000 0.500000 0.277777 0.600000 0.000000 
Brazilian   0.166665 0.166665 0.000000 0.333330 0.333330 0.000000 0.000000 0.000000 0.000000 0.000000 0.000000 0.000000 0.750000 0.750000 0.333330 0.333330 0.333330 0.333330 0.750000 0.333330 0.666670 0.666670 0.600000 0.500000 0.277777 0.600000 0.000000 
Catalan     0.166665 0.166665 0.000000 0.333330 0.333330 0.000000 0.000000 0.000000 0.000000 0.000000 0.000000 0.000000 0.750000 0.750000 0.333330 0.333330 0.333330 0.333330 0.750000 0.333330 0.666670 0.666670 0.600000 0.500000 0.277777 0.600000 0.000000 
German_ST   0.575000 0.575000 0.750000 0.500000 0.500000 0.750000 0.750000 0.750000 0.750000 0.750000 0.750000 0.750000 0.000000 0.333330 0.400000 0.400000 0.400000 0.400000 0.166670 0.400000 0.200000 0.400000 0.571430 0.500000 0.494443 0.571430 0.750000 
PennDutch   0.675000 0.675000 0.750000 0.600000 0.600000 0.750000 0.750000 0.750000 0.750000 0.750000 0.750000 0.750000 0.333330 0.000000 0.400000 0.400000 0.400000 0.400000 0.500000 0.400000 0.200000 0.400000 0.571430 0.500000 0.616667 0.571430 0.750000 
Dutch       0.291665 0.291665 0.333330 0.250000 0.250000 0.333330 0.333330 0.333330 0.333330 0.333330 0.333330 0.333330 0.400000 0.400000 0.000000 0.000000 0.000000 0.000000 0.400000 0.000000 0.250000 0.250000 0.500000 0.600000 0.344443 0.500000 0.333330 
Afrikaans   0.291665 0.291665 0.333330 0.250000 0.250000 0.333330 0.333330 0.333330 0.333330 0.333330 0.333330 0.333330 0.400000 0.400000 0.000000 0.000000 0.000000 0.000000 0.400000 0.000000 0.250000 0.250000 0.500000 0.600000 0.344443 0.500000 0.333330 
Flemish     0.291665 0.291665 0.333330 0.250000 0.250000 0.333330 0.333330 0.333330 0.333330 0.333330 0.333330 0.333330 0.400000 0.400000 0.000000 0.000000 0.000000 0.000000 0.400000 0.000000 0.250000 0.250000 0.500000 0.600000 0.344443 0.500000 0.333330 
Frisian     0.291665 0.291665 0.333330 0.250000 0.250000 0.333330 0.333330 0.333330 0.333330 0.333330 0.333330 0.333330 0.400000 0.400000 0.000000 0.000000 0.000000 0.000000 0.400000 0.000000 0.250000 0.250000 0.500000 0.600000 0.344443 0.500000 0.333330 
English     0.575000 0.575000 0.750000 0.500000 0.500000 0.750000 0.750000 0.750000 0.750000 0.750000 0.750000 0.750000 0.166670 0.500000 0.400000 0.400000 0.400000 0.400000 0.000000 0.400000 0.400000 0.400000 0.571430 0.500000 0.494443 0.571430 0.750000 
Sranan      0.291665 0.291665 0.333330 0.250000 0.250000 0.333330 0.333330 0.333330 0.333330 0.333330 0.333330 0.333330 0.400000 0.400000 0.000000 0.000000 0.000000 0.000000 0.400000 0.000000 0.250000 0.250000 0.500000 0.600000 0.344443 0.500000 0.333330 
Latvian     0.583335 0.583335 0.666670 0.500000 0.500000 0.666670 0.666670 0.666670 0.666670 0.666670 0.666670 0.666670 0.200000 0.200000 0.250000 0.250000 0.250000 0.250000 0.400000 0.250000 0.000000 0.250000 0.666670 0.600000 0.522223 0.666670 0.666670 
Slovenian   0.583335 0.583335 0.666670 0.500000 0.500000 0.666670 0.666670 0.666670 0.666670 0.666670 0.666670 0.666670 0.400000 0.400000 0.250000 0.250000 0.250000 0.250000 0.400000 0.250000 0.250000 0.000000 0.666670 0.600000 0.522223 0.666670 0.666670 
Alban_T     0.466665 0.466665 0.600000 0.416670 0.416670 0.600000 0.600000 0.600000 0.600000 0.600000 0.600000 0.600000 0.571430 0.571430 0.500000 0.500000 0.500000 0.500000 0.571430 0.500000 0.666670 0.666670 0.000000 0.142860 0.461903 0.000000 0.600000 
Alban_Top   0.550000 0.550000 0.500000 0.600000 0.600000 0.500000 0.500000 0.500000 0.500000 0.500000 0.500000 0.500000 0.500000 0.500000 0.600000 0.600000 0.600000 0.600000 0.500000 0.600000 0.600000 0.600000 0.142860 0.000000 0.411110 0.142860 0.500000 
Alban_G     0.344443 0.344443 0.277777 0.411110 0.411110 0.277777 0.277777 0.277777 0.277777 0.277777 0.277777 0.277777 0.494443 0.616667 0.344443 0.344443 0.344443 0.344443 0.494443 0.344443 0.522223 0.522223 0.461903 0.411110 0.000000 0.461903 0.277777 
Alban_K     0.466665 0.466665 0.600000 0.416670 0.416670 0.600000 0.600000 0.600000 0.600000 0.600000 0.600000 0.600000 0.571430 0.571430 0.500000 0.500000 0.500000 0.500000 0.571430 0.500000 0.666670 0.666670 0.000000 0.142860 0.461903 0.000000 0.600000 
ALban_C     0.166665 0.166665 0.000000 0.333330 0.333330 0.000000 0.000000 0.000000 0.000000 0.000000 0.000000 0.000000 0.750000 0.750000 0.333330 0.333330 0.333330 0.333330 0.750000 0.333330 0.666670 0.666670 0.600000 0.500000 0.277777 0.600000 0.000000 
5
Greek_ML    0.000000 0.000000 0.400000 0.000000 0.000000 
Greek_MD    0.000000 0.000000 0.400000 0.000000 0.000000 
Greek_Mod   0.400000 0.400000 0.000000 0.400000 0.400000 
Greek_D     0.000000 0.000000 0.400000 0.000000 0.000000 
Greek_K     0.000000 0.000000 0.400000 0.000000 0.000000 
10
Lusatia_L   0.000000 0.000000 0.000000 0.000000 0.000000 0.000000 0.000000 0.000000 0.000000 0.000000 
Lusatia_U   0.000000 0.000000 0.000000 0.000000 0.000000 0.000000 0.000000 0.000000 0.000000 0.000000 
Slovak      0.000000 0.000000 0.000000 0.000000 0.000000 0.000000 0.000000 0.000000 0.000000 0.000000 
Ukrainian   0.000000 0.000000 0.000000 0.000000 0.000000 0.000000 0.000000 0.000000 0.000000 0.000000 
Byelo       0.000000 0.000000 0.000000 0.000000 0.000000 0.000000 0.000000 0.000000 0.000000 0.000000 
Polish      0.000000 0.000000 0.000000 0.000000 0.000000 0.000000 0.000000 0.000000 0.000000 0.000000 
Russian     0.000000 0.000000 0.000000 0.000000 0.000000 0.000000 0.000000 0.000000 0.000000 0.000000 
Macedonia   0.000000 0.000000 0.000000 0.000000 0.000000 0.000000 0.000000 0.000000 0.000000 0.000000 
Bulgarian   0.000000 0.000000 0.000000 0.000000 0.000000 0.000000 0.000000 0.000000 0.000000 0.000000 
Serbo       0.000000 0.000000 0.000000 0.000000 0.000000 0.000000 0.000000 0.000000 0.000000 0.000000 
12
German_ST   0.000000 0.250000 0.062500 0.062500 0.062500 0.312500 0.428570 0.312500 0.285710 0.285710 0.285710 0.333330 
PennDutch   0.250000 0.000000 0.200000 0.200000 0.200000 0.400000 0.555560 0.400000 0.388890 0.388890 0.388890 0.409090 
Dutch       0.062500 0.200000 0.000000 0.000000 0.000000 0.250000 0.428570 0.250000 0.214290 0.214290 0.214290 0.277780 
Afrikaans   0.062500 0.200000 0.000000 0.000000 0.000000 0.250000 0.428570 0.250000 0.214290 0.214290 0.214290 0.277780 
Flemish     0.062500 0.200000 0.000000 0.000000 0.000000 0.250000 0.428570 0.250000 0.214290 0.214290 0.214290 0.277780 
SwedishUp   0.312500 0.400000 0.250000 0.250000 0.250000 0.000000 0.142860 0.000000 0.285710 0.285710 0.285710 0.222220 
SwedishVL   0.428570 0.555560 0.428570 0.428570 0.428570 0.142860 0.000000 0.142860 0.333330 0.333330 0.333330 0.375000 
Swedish     0.312500 0.400000 0.250000 0.250000 0.250000 0.000000 0.142860 0.000000 0.285710 0.285710 0.285710 0.222220 
Danish      0.285710 0.388890 0.214290 0.214290 0.214290 0.285710 0.333330 0.285710 0.000000 0.000000 0.000000 0.250000 
Riksmal     0.285710 0.388890 0.214290 0.214290 0.214290 0.285710 0.333330 0.285710 0.000000 0.000000 0.000000 0.250000 
Icelandic   0.285710 0.388890 0.214290 0.214290 0.214290 0.285710 0.333330 0.285710 0.000000 0.000000 0.000000 0.250000 
Faroese     0.333330 0.409090 0.277780 0.277780 0.277780 0.222220 0.375000 0.222220 0.250000 0.250000 0.250000 0.000000 
4
Ossetic     0.000000 0.166670 0.333330 0.166670 
Afghan      0.166670 0.000000 0.166670 0.166670 
Persian     0.333330 0.166670 0.000000 0.333330 
Tadzik      0.166670 0.166670 0.333330 0.000000 
7
Lithua_ST   0.000000 0.178570 0.208330 0.272730 0.200000 0.272730 0.269230 
Lusatia_L   0.178570 0.000000 0.214290 0.423080 0.375000 0.423080 0.300000 
Lusatia_U   0.208330 0.214290 0.000000 0.318180 0.250000 0.318180 0.230770 
Czech       0.272730 0.423080 0.318180 0.000000 0.222220 0.000000 0.208330 
Slovak      0.200000 0.375000 0.250000 0.222220 0.000000 0.222220 0.318180 
Czech_E     0.272730 0.423080 0.318180 0.000000 0.222220 0.000000 0.208330 
Polish      0.269230 0.300000 0.230770 0.208330 0.318180 0.208330 0.000000 
9
Lithua_O    0.000000 0.000000 0.406250 0.307690 0.307690 0.433330 0.437500 0.392860 0.437500 
Lithua_ST   0.000000 0.000000 0.406250 0.307690 0.307690 0.433330 0.437500 0.392860 0.437500 
Latvian     0.406250 0.406250 0.000000 0.400000 0.366670 0.352940 0.277780 0.375000 0.333330 
Slovenian   0.307690 0.307690 0.400000 0.000000 0.208330 0.357140 0.333330 0.307690 0.333330 
Byelo       0.307690 0.307690 0.366670 0.208330 0.000000 0.392860 0.366670 0.346150 0.366670 
Russian     0.433330 0.433330 0.352940 0.357140 0.392860 0.000000 0.176470 0.066670 0.176470 
Macedonia   0.437500 0.437500 0.277780 0.333330 0.366670 0.176470 0.000000 0.187500 0.055560 
Bulgarian   0.392860 0.392860 0.375000 0.307690 0.346150 0.066670 0.187500 0.000000 0.187500 
Serbo       0.437500 0.437500 0.333330 0.333330 0.366670 0.176470 0.055560 0.187500 0.000000 
5
Greek_ML    0.000000 0.111110 0.250000 0.111110 0.000000 
Greek_MD    0.111110 0.000000 0.142860 0.000000 0.111110 
Greek_Mod   0.250000 0.142860 0.000000 0.142860 0.250000 
Greek_D     0.111110 0.000000 0.142860 0.000000 0.111110 
Greek_K     0.000000 0.111110 0.250000 0.111110 0.000000 
11
Kashmiri    0.000000 0.178570 0.148355 0.192310 0.153850 0.192310 0.153850 0.000000 0.333330 0.133330 0.148353 
Marathi     0.178570 0.000000 0.114010 0.153850 0.192310 0.153850 0.307690 0.178570 0.416670 0.300000 0.336080 
Gujarati    0.148355 0.114010 0.000000 0.116990 0.076925 0.116990 0.237180 0.148355 0.344700 0.276190 0.229395 
Panjabi     0.192310 0.153850 0.116990 0.000000 0.041670 0.000000 0.166670 0.192310 0.272730 0.321430 0.200853 
Lahnda      0.153850 0.192310 0.076925 0.041670 0.000000 0.041670 0.166670 0.153850 0.272730 0.285710 0.160257 
Hindi       0.192310 0.153850 0.116990 0.000000 0.041670 0.000000 0.166670 0.192310 0.272730 0.321430 0.200853 
Bengali     0.153850 0.307690 0.237180 0.166670 0.166670 0.166670 0.000000 0.153850 0.272730 0.285710 0.160257 
Nepali      0.000000 0.178570 0.148355 0.192310 0.153850 0.192310 0.153850 0.000000 0.333330 0.133330 0.148353 
Khaskura    0.333330 0.416670 0.344700 0.272730 0.272730 0.272730 0.272730 0.333330 0.000000 0.461540 0.351013 
Waziri      0.133330 0.300000 0.276190 0.321430 0.285710 0.321430 0.285710 0.133330 0.461540 0.000000 0.185717 
Baluchi     0.148353 0.336080 0.229395 0.200853 0.160257 0.200853 0.160257 0.148353 0.351013 0.185717 0.000000 
19
Irish_A     0.000000 0.214290 0.384620 0.384620 0.333330 0.307690 0.333330 0.333330 0.333330 0.416670 0.307690 0.307690 0.384620 0.333330 0.333330 0.333330 0.333330 0.333330 0.333330 
Irish_B     0.214290 0.000000 0.400000 0.400000 0.428570 0.400000 0.428570 0.428570 0.428570 0.428570 0.400000 0.400000 0.400000 0.428570 0.428570 0.428570 0.428570 0.428570 0.428570 
Welsh_N     0.384620 0.400000 0.000000 0.000000 0.153850 0.214290 0.153850 0.230770 0.153850 0.384620 0.214290 0.214290 0.214290 0.153850 0.153850 0.153850 0.153850 0.153850 0.230770 
Welsh_C     0.384620 0.400000 0.000000 0.000000 0.153850 0.214290 0.153850 0.230770 0.153850 0.384620 0.214290 0.214290 0.214290 0.153850 0.153850 0.153850 0.153850 0.153850 0.230770 
Romanian    0.333330 0.428570 0.153850 0.153850 0.000000 0.076920 0.000000 0.083330 0.000000 0.250000 0.076920 0.076920 0.076920 0.000000 0.000000 0.000000 0.000000 0.000000 0.083330 
Italian     0.307690 0.400000 0.214290 0.214290 0.076920 0.000000 0.076920 0.153850 0.076920 0.307690 0.000000 0.000000 0.071430 0.076920 0.076920 0.076920 0.076920 0.076920 0.153850 
Ladin       0.333330 0.428570 0.153850 0.153850 0.000000 0.076920 0.000000 0.083330 0.000000 0.250000 0.076920 0.076920 0.076920 0.000000 0.000000 0.000000 0.000000 0.000000 0.083330 
Provencal   0.333330 0.428570 0.230770 0.230770 0.083330 0.153850 0.083330 0.000000 0.083330 0.250000 0.153850 0.153850 0.153850 0.083330 0.083330 0.083330 0.083330 0.083330 0.083330 
French      0.333330 0.428570 0.153850 0.153850 0.000000 0.076920 0.000000 0.083330 0.000000 0.250000 0.076920 0.076920 0.076920 0.000000 0.000000 0.000000 0.000000 0.000000 0.083330 
Creole_C    0.416670 0.428570 0.384620 0.384620 0.250000 0.307690 0.250000 0.250000 0.250000 0.000000 0.307690 0.307690 0.307690 0.250000 0.250000 0.250000 0.250000 0.250000 0.250000 
SardiniaN   0.307690 0.400000 0.214290 0.214290 0.076920 0.000000 0.076920 0.153850 0.076920 0.307690 0.000000 0.000000 0.071430 0.076920 0.076920 0.076920 0.076920 0.076920 0.153850 
SardiniaL   0.307690 0.400000 0.214290 0.214290 0.076920 0.000000 0.076920 0.153850 0.076920 0.307690 0.000000 0.000000 0.071430 0.076920 0.076920 0.076920 0.076920 0.076920 0.153850 
SardiniaC   0.384620 0.400000 0.214290 0.214290 0.076920 0.071430 0.076920 0.153850 0.076920 0.307690 0.071430 0.071430 0.000000 0.076920 0.076920 0.076920 0.076920 0.076920 0.153850 
Spanish     0.333330 0.428570 0.153850 0.153850 0.000000 0.076920 0.000000 0.083330 0.000000 0.250000 0.076920 0.076920 0.076920 0.000000 0.000000 0.000000 0.000000 0.000000 0.083330 
Portugues   0.333330 0.428570 0.153850 0.153850 0.000000 0.076920 0.000000 0.083330 0.000000 0.250000 0.076920 0.076920 0.076920 0.000000 0.000000 0.000000 0.000000 0.000000 0.083330 
Brazilian   0.333330 0.428570 0.153850 0.153850 0.000000 0.076920 0.000000 0.083330 0.000000 0.250000 0.076920 0.076920 0.076920 0.000000 0.000000 0.000000 0.000000 0.000000 0.083330 
Catalan     0.333330 0.428570 0.153850 0.153850 0.000000 0.076920 0.000000 0.083330 0.000000 0.250000 0.076920 0.076920 0.076920 0.000000 0.000000 0.000000 0.000000 0.000000 0.083330 
English     0.333330 0.428570 0.153850 0.153850 0.000000 0.076920 0.000000 0.083330 0.000000 0.250000 0.076920 0.076920 0.076920 0.000000 0.000000 0.000000 0.000000 0.000000 0.083330 
ALban_C     0.333330 0.428570 0.230770 0.230770 0.083330 0.153850 0.083330 0.083330 0.083330 0.250000 0.153850 0.153850 0.153850 0.083330 0.083330 0.083330 0.083330 0.083330 0.000000 
14
Romanian    0.000000 0.083330 0.250000 0.333330 0.250000 0.250000 0.363640 0.423080 0.333330 0.291670 0.125000 0.227270 0.227270 0.166670 
Vlach       0.083330 0.000000 0.166670 0.400000 0.166670 0.166670 0.272730 0.423080 0.416670 0.291670 0.208330 0.318180 0.318180 0.250000 
Italian     0.250000 0.166670 0.000000 0.333330 0.083330 0.083330 0.272730 0.500000 0.416670 0.333330 0.250000 0.363640 0.363640 0.166670 
Ladin       0.333330 0.400000 0.333330 0.000000 0.266670 0.266670 0.428570 0.500000 0.400000 0.466670 0.333330 0.428570 0.428570 0.200000 
Provencal   0.250000 0.166670 0.083330 0.266670 0.000000 0.000000 0.181820 0.500000 0.416670 0.333330 0.250000 0.363640 0.363640 0.083330 
French      0.250000 0.166670 0.083330 0.266670 0.000000 0.000000 0.181820 0.500000 0.416670 0.333330 0.250000 0.363640 0.363640 0.083330 
Walloon     0.363640 0.272730 0.272730 0.428570 0.181820 0.181820 0.000000 0.375000 0.363640 0.272730 0.363640 0.200000 0.200000 0.272730 
SardiniaN   0.423080 0.423080 0.500000 0.500000 0.500000 0.500000 0.375000 0.000000 0.346150 0.346150 0.346150 0.375000 0.375000 0.423080 
SardiniaL   0.333330 0.416670 0.416670 0.400000 0.416670 0.416670 0.363640 0.346150 0.000000 0.416670 0.333330 0.272730 0.272730 0.333330 
SardiniaC   0.291670 0.291670 0.333330 0.466670 0.333330 0.333330 0.272730 0.346150 0.416670 0.000000 0.166670 0.181820 0.181820 0.333330 
Spanish     0.125000 0.208330 0.250000 0.333330 0.250000 0.250000 0.363640 0.346150 0.333330 0.166670 0.000000 0.181820 0.181820 0.166670 
Portugues   0.227270 0.318180 0.363640 0.428570 0.363640 0.363640 0.200000 0.375000 0.272730 0.181820 0.181820 0.000000 0.000000 0.272730 
Brazilian   0.227270 0.318180 0.363640 0.428570 0.363640 0.363640 0.200000 0.375000 0.272730 0.181820 0.181820 0.000000 0.000000 0.272730 
Catalan     0.166670 0.250000 0.166670 0.200000 0.083330 0.083330 0.272730 0.423080 0.333330 0.333330 0.166670 0.272730 0.272730 0.000000 
15
Lithua_O    0.000000 0.000000 0.166670 0.416670 0.416670 0.461540 0.416670 0.500000 0.416670 0.500000 0.416670 0.461540 0.333330 0.333330 0.333330 
Lithua_ST   0.000000 0.000000 0.166670 0.416670 0.416670 0.461540 0.416670 0.500000 0.416670 0.500000 0.416670 0.461540 0.333330 0.333330 0.333330 
Latvian     0.166670 0.166670 0.000000 0.300000 0.400000 0.454550 0.400000 0.400000 0.400000 0.400000 0.400000 0.454550 0.300000 0.300000 0.300000 
Slovenian   0.416670 0.416670 0.300000 0.000000 0.300000 0.272730 0.300000 0.300000 0.300000 0.300000 0.300000 0.363640 0.200000 0.200000 0.200000 
Lusatia_L   0.416670 0.416670 0.400000 0.300000 0.000000 0.090910 0.000000 0.100000 0.000000 0.100000 0.000000 0.181820 0.100000 0.100000 0.200000 
Lusatia_U   0.461540 0.461540 0.454550 0.272730 0.090910 0.000000 0.090910 0.181820 0.090910 0.181820 0.090910 0.166670 0.181820 0.181820 0.272730 
Czech       0.416670 0.416670 0.400000 0.300000 0.000000 0.090910 0.000000 0.100000 0.000000 0.100000 0.000000 0.181820 0.100000 0.100000 0.200000 
Slovak      0.500000 0.500000 0.400000 0.300000 0.100000 0.181820 0.100000 0.000000 0.100000 0.100000 0.100000 0.090910 0.200000 0.200000 0.300000 
Czech_E     0.416670 0.416670 0.400000 0.300000 0.000000 0.090910 0.000000 0.100000 0.000000 0.100000 0.000000 0.181820 0.100000 0.100000 0.200000 
Ukrainian   0.500000 0.500000 0.400000 0.300000 0.100000 0.181820 0.100000 0.100000 0.100000 0.000000 0.100000 0.090910 0.200000 0.200000 0.300000 
Byelo       0.416670 0.416670 0.400000 0.300000 0.000000 0.090910 0.000000 0.100000 0.000000 0.100000 0.000000 0.181820 0.100000 0.100000 0.200000 
Polish      0.461540 0.461540 0.454550 0.363640 0.181820 0.166670 0.181820 0.090910 0.181820 0.090910 0.181820 0.000000 0.272730 0.272730 0.272730 
Macedonia   0.333330 0.333330 0.300000 0.200000 0.100000 0.181820 0.100000 0.200000 0.100000 0.200000 0.100000 0.272730 0.000000 0.000000 0.100000 
Bulgarian   0.333330 0.333330 0.300000 0.200000 0.100000 0.181820 0.100000 0.200000 0.100000 0.200000 0.100000 0.272730 0.000000 0.000000 0.100000 
Serbo       0.333330 0.333330 0.300000 0.200000 0.200000 0.272730 0.200000 0.300000 0.200000 0.300000 0.200000 0.272730 0.100000 0.100000 0.000000 
4
Kashmiri    0.000000 0.222220 0.357140 0.538460 
Nepali      0.222220 0.000000 0.461540 0.500000 
Persian     0.357140 0.461540 0.000000 0.235290 
Tadzik      0.538460 0.500000 0.235290 0.000000 
7
Irish_A     0.000000 0.000000 0.409090 0.409090 0.350000 0.350000 0.350000 
Irish_B     0.000000 0.000000 0.409090 0.409090 0.350000 0.350000 0.350000 
Welsh_N     0.409090 0.409090 0.000000 0.000000 0.222220 0.222220 0.222220 
Welsh_C     0.409090 0.409090 0.000000 0.000000 0.222220 0.222220 0.222220 
Breton_L    0.350000 0.350000 0.222220 0.222220 0.000000 0.000000 0.000000 
Breton_SE   0.350000 0.350000 0.222220 0.222220 0.000000 0.000000 0.000000 
Breton_ST   0.350000 0.350000 0.222220 0.222220 0.000000 0.000000 0.000000 
15
German_ST   0.000000 0.222220 0.111110 0.428570 0.111110 0.350000 0.277780 0.277780 0.277780 0.166670 0.166670 0.277780 0.388890 0.200000 0.300000 
PennDutch   0.222220 0.000000 0.125000 0.500000 0.125000 0.277780 0.312500 0.312500 0.312500 0.312500 0.312500 0.312500 0.312500 0.444440 0.444440 
Dutch       0.111110 0.125000 0.000000 0.333330 0.000000 0.388890 0.187500 0.187500 0.187500 0.187500 0.187500 0.187500 0.312500 0.333330 0.333330 
Afrikaans   0.428570 0.500000 0.333330 0.000000 0.333330 0.571430 0.333330 0.333330 0.333330 0.333330 0.333330 0.333330 0.500000 0.428570 0.428570 
Flemish     0.111110 0.125000 0.000000 0.333330 0.000000 0.388890 0.187500 0.187500 0.187500 0.187500 0.187500 0.187500 0.312500 0.333330 0.333330 
Frisian     0.350000 0.277780 0.388890 0.571430 0.388890 0.000000 0.333330 0.333330 0.333330 0.222220 0.222220 0.333330 0.333330 0.400000 0.400000 
SwedishUp   0.277780 0.312500 0.187500 0.333330 0.187500 0.333330 0.000000 0.000000 0.000000 0.125000 0.125000 0.000000 0.125000 0.333330 0.333330 
SwedishVL   0.277780 0.312500 0.187500 0.333330 0.187500 0.333330 0.000000 0.000000 0.000000 0.125000 0.125000 0.000000 0.125000 0.333330 0.333330 
Swedish     0.277780 0.312500 0.187500 0.333330 0.187500 0.333330 0.000000 0.000000 0.000000 0.125000 0.125000 0.000000 0.125000 0.333330 0.333330 
Danish      0.166670 0.312500 0.187500 0.333330 0.187500 0.222220 0.125000 0.125000 0.125000 0.000000 0.000000 0.125000 0.250000 0.222220 0.333330 
Riksmal     0.166670 0.312500 0.187500 0.333330 0.187500 0.222220 0.125000 0.125000 0.125000 0.000000 0.000000 0.125000 0.250000 0.222220 0.333330 
Icelandic   0.277780 0.312500 0.187500 0.333330 0.187500 0.333330 0.000000 0.000000 0.000000 0.125000 0.125000 0.000000 0.125000 0.333330 0.333330 
Faroese     0.388890 0.312500 0.312500 0.500000 0.312500 0.333330 0.125000 0.125000 0.125000 0.250000 0.250000 0.125000 0.000000 0.444440 0.444440 
English     0.200000 0.444440 0.333330 0.428570 0.333330 0.400000 0.333330 0.333330 0.333330 0.222220 0.222220 0.333330 0.444440 0.000000 0.200000 
Sranan      0.300000 0.444440 0.333330 0.428570 0.333330 0.400000 0.333330 0.333330 0.333330 0.333330 0.333330 0.333330 0.444440 0.200000 0.000000 
4
Greek_ML    0.000000 0.000000 0.107140 0.033335 
Greek_MD    0.000000 0.000000 0.107140 0.033335 
Greek_Mod   0.107140 0.107140 0.000000 0.136905 
Greek_D     0.033335 0.033335 0.136905 0.000000 
5
Alban_T     0.000000 0.000000 0.333330 0.400000 0.250000 
Alban_Top   0.000000 0.000000 0.333330 0.400000 0.250000 
Alban_G     0.333330 0.333330 0.000000 0.285710 0.500000 
Alban_K     0.400000 0.400000 0.285710 0.000000 0.200000 
ALban_C     0.250000 0.250000 0.500000 0.200000 0.000000 
4
Greek_ML    0.000000 0.100000 0.166665 0.300000 
Greek_MD    0.100000 0.000000 0.258332 0.191667 
Greek_Mod   0.166665 0.258332 0.000000 0.400000 
Greek_D     0.300000 0.191667 0.400000 0.000000 
4
Slovenian   0.000000 0.000000 0.000000 0.200000 
Alban_T     0.000000 0.000000 0.000000 0.200000 
Alban_Top   0.000000 0.000000 0.000000 0.200000 
Alban_K     0.200000 0.200000 0.200000 0.000000 
6
SwedishUp   0.000000 0.000000 0.166670 0.166670 0.166670 0.000000 
Swedish     0.000000 0.000000 0.166670 0.166670 0.166670 0.000000 
Danish      0.166670 0.166670 0.000000 0.000000 0.333330 0.166670 
Riksmal     0.166670 0.166670 0.000000 0.000000 0.333330 0.166670 
Icelandic   0.166670 0.166670 0.333330 0.333330 0.000000 0.166670 
Faroese     0.000000 0.000000 0.166670 0.166670 0.166670 0.000000 
20
Irish_A     0.000000 0.200000 0.500000 0.450000 0.411110 0.500000 0.500000 0.500000 0.500000 0.500000 0.500000 0.500000 0.500000 0.500000 0.500000 0.400000 0.500000 0.400000 0.333330 0.500000 
Irish_B     0.200000 0.000000 0.333330 0.291665 0.327777 0.333330 0.333330 0.333330 0.333330 0.333330 0.333330 0.333330 0.333330 0.333330 0.333330 0.250000 0.333330 0.250000 0.400000 0.333330 
Vlach       0.500000 0.333330 0.000000 0.166665 0.277777 0.000000 0.000000 0.000000 0.000000 0.000000 0.000000 0.000000 0.000000 0.000000 0.000000 0.333330 0.000000 0.333330 0.500000 0.000000 
Italian     0.450000 0.291665 0.166665 0.000000 0.227777 0.166665 0.166665 0.166665 0.166665 0.166665 0.166665 0.166665 0.166665 0.166665 0.166665 0.229165 0.166665 0.229165 0.400000 0.166665 
Ladin       0.411110 0.327777 0.277777 0.227777 0.000000 0.277777 0.277777 0.277777 0.277777 0.277777 0.277777 0.277777 0.277777 0.277777 0.277777 0.252777 0.277777 0.252777 0.377777 0.277777 
