10
4          0.000000 2.017600 2.851600 3.904900 7.895200 6.578900 8.690400 9.227400 7.652500 7.217900 
9          2.017600 0.000000 1.994200 3.047500 7.037800 5.721500 7.833000 8.370000 6.795100 6.360500 
6          2.851600 1.994200 0.000000 2.231500 6.221800 4.905500 7.017000 7.554000 5.979100 5.544500 
3          3.904900 3.047500 2.231500 0.000000 5.473700 4.157400 6.268900 6.805900 5.231000 4.796400 
1          7.895200 7.037800 6.221800 5.473700 0.000000 2.981300 6.232000 6.769000 5.194100 4.759500 
10         6.578900 5.721500 4.905500 4.157400 2.981300 0.000000 4.915700 5.452700 3.877800 3.443200 
2          8.690400 7.833000 7.017000 6.268900 6.232000 4.915700 0.000000 2.062800 2.254500 3.352300 
5          9.227400 8.370000 7.554000 6.805900 6.769000 5.452700 2.062800 0.000000 2.791500 3.889300 
7          7.652500 6.795100 5.979100 5.231000 5.194100 3.877800 2.254500 2.791500 0.000000 2.314400 
8          7.217900 6.360500 5.544500 4.796400 4.759500 3.443200 3.352300 3.889300 2.314400 0.000000 

10
14         0.000000 2.017600 2.851600 3.904900 7.895200 6.578900 8.690400 9.227400 7.652500 7.217900 
9          2.017600 0.000000 1.994200 3.047500 7.037800 5.721500 7.833000 8.370000 6.795100 6.360500 
6          2.851600 1.994200 0.000000 2.231500 6.221800 4.905500 7.017000 7.554000 5.979100 5.544500 
3          3.904900 3.047500 2.231500 0.000000 5.473700 4.157400 6.268900 6.805900 5.231000 4.796400 
11         7.895200 7.037800 6.221800 5.473700 0.000000 2.981300 6.232000 6.769000 5.194100 4.759500 
10         6.578900 5.721500 4.905500 4.157400 2.981300 0.000000 4.915700 5.452700 3.877800 3.443200 
2          8.690400 7.833000 7.017000 6.268900 6.232000 4.915700 0.000000 2.062800 2.254500 3.352300 
5          9.227400 8.370000 7.554000 6.805900 6.769000 5.452700 2.062800 0.000000 2.791500 3.889300 
7          7.652500 6.795100 5.979100 5.231000 5.194100 3.877800 2.254500 2.791500 0.000000 2.314400 
8          7.217900 6.360500 5.544500 4.796400 4.759500 3.443200 3.352300 3.889300 2.314400 0.000000 

