9
Aurora          0  -99  13  12  57  22  86  89  97
Boylii 		-99  0   7 -99  50 -99  65  67 -99
Cascadae 	13   7   0  7   40  11 -99  66  79  
Muscosa 	12 -99   7  0   45  15  48  49  67 
Temporaria 	57  50  40  45   0  48  85  83 107
Pretiosa 	22 -99  11  15  48   0  54 -99  60 
Catesbiana 	86  65 -99  48  85  54   0  54 -99  
Pipiens 	89  67  66  49  83 -99  54   0  48 
Tarahumarae 	97 -99  79  67 107  60 -99  48  0