10
Cow         0.000000 0.299708 0.294815 0.289790 0.299708 0.220760 0.200292 0.190058 0.175439 0.282164 
Carp        0.299708 0.000000 0.302632 0.342105 0.204255 0.290936 0.292398 0.292398 0.277778 0.242816 
Chicken     0.294815 0.302632 0.000000 0.311012 0.318713 0.297778 0.290370 0.299259 0.290370 0.277286 
Human       0.289790 0.342105 0.311012 0.000000 0.334795 0.276276 0.274775 0.295796 0.265766 0.323009 
Loach       0.299708 0.204255 0.318713 0.334795 0.000000 0.304094 0.286550 0.301170 0.296784 0.255747 
Mouse       0.220760 0.290936 0.297778 0.276276 0.304094 0.000000 0.149123 0.213450 0.217836 0.263158 
Rat         0.200292 0.292398 0.290370 0.274775 0.286550 0.149123 0.000000 0.226608 0.213450 0.279240 
Seal        0.190058 0.292398 0.299259 0.295796 0.301170 0.213450 0.226608 0.000000 0.192982 0.286550 
Whale       0.175439 0.277778 0.290370 0.265766 0.296784 0.217836 0.213450 0.192982 0.000000 0.261696 
Frog        0.282164 0.242816 0.277286 0.323009 0.255747 0.263158 0.279240 0.286550 0.261696 0.000000 
