
Tree reconstruction method - Neighbor Joining


TREE METRIC (ADDITIVE DISTANCE) MATRIX (AD)

Cow 0.000000 0.294565 0.293157 0.282767 0.301664 0.217630 0.215054 0.195311 0.175437 0.277146 
Carp 0.294565 0.000000 0.302983 0.330663 0.204255 0.291551 0.288975 0.299315 0.286986 0.245732 
Chicken 0.293157 0.302983 0.000000 0.329254 0.310082 0.290142 0.287567 0.297906 0.285578 0.285564 
Human 0.282767 0.330663 0.329254 0.000000 0.337761 0.279753 0.277177 0.287516 0.275188 0.313243 
Loach 0.301664 0.204255 0.310082 0.337761 0.000000 0.298650 0.296074 0.306413 0.294085 0.252830 
Mouse 0.217630 0.291551 0.290142 0.279753 0.298650 0.000000 0.149124 0.222379 0.210051 0.274132 
Rat 0.215054 0.288975 0.287567 0.277177 0.296074 0.149124 0.000000 0.219803 0.207475 0.271556 
Seal 0.195311 0.299315 0.297906 0.287516 0.306413 0.222379 0.219803 0.000000 0.187732 0.281895 
Whale 0.175437 0.286986 0.285578 0.275188 0.294085 0.210051 0.207475 0.187732 0.000000 0.269567 
Frog 0.277146 0.245732 0.285564 0.313243 0.252830 0.274132 0.271556 0.281895 0.269567 0.000000 


THE FOLLOWING STATISTICS ARE AVAILABLE FOR 
A GIVEN DISSIMILARITY (D) AND AN OBTAINED TREE METRIC (AD)


Least-squares coefficient  Sum (Dij-ADij)^2  = 0.0021698342
                            i<j 
Average absolute difference  Sum |Dij-ADij|/(n(n-1)/2)  = 0.0057471241
                             i<j 
Maximum absolute difference   Max|Dij-ADij| = 0.0182421944
                              i,j 
Total length of the tree   L  = 1.189159


              TREE EDGES WITH THEIR LENGTHS AND JACKKNIFE SCORES (1000 REPLICATES)

              11--9               0.083929 -- 100 %
              12--8               0.100030 -- 100 %
              13--6               0.075850 -- 100 %
              14--13              0.031458 -- 100 %
              13--7               0.073274 -- 100 %
              15--4               0.159432 -- 100 %
              16--3               0.150787 -- 100 %
              17--2               0.098578 -- 100 %
              18--17              0.032997 -- 99 %
              17--5               0.105677 -- 100 %
               1--11              0.091508 -- 100 %
              11--12              0.003773 -- 47 %
              12--14              0.015042 -- 95 %
              14--15              0.013013 -- 96 %
              15--16              0.019035 -- 83 %
              16--18              0.020620 -- 98 %
              18--10              0.114156 -- 100 %
