10
Cow         0.000000 0.334884 0.294393 0.331783 0.294574 0.256610 0.199377 0.227414 0.176012 0.323988 
Carp        0.334884 0.000000 0.336449 0.322481 0.243411 0.292379 0.328660 0.289720 0.313084 0.263240 
Chicken     0.294393 0.336449 0.000000 0.339564 0.308411 0.320312 0.275430 0.323944 0.276995 0.308294 
Human       0.331783 0.322481 0.339564 0.000000 0.358140 0.283048 0.308411 0.295950 0.308411 0.316199 
Loach       0.294574 0.243411 0.308411 0.358140 0.000000 0.332815 0.274143 0.341121 0.280374 0.295950 
Mouse       0.256610 0.292379 0.320312 0.283048 0.332815 0.000000 0.185358 0.218069 0.246106 0.264798 
Rat         0.199377 0.328660 0.275430 0.308411 0.274143 0.185358 0.000000 0.257009 0.204050 0.311526 
Seal        0.227414 0.289720 0.323944 0.295950 0.341121 0.218069 0.257009 0.000000 0.224299 0.291277 
Whale       0.176012 0.313084 0.276995 0.308411 0.280374 0.246106 0.204050 0.224299 0.000000 0.302181 
Frog        0.323988 0.263240 0.308294 0.316199 0.295950 0.264798 0.311526 0.291277 0.302181 0.000000 
