
Tree reconstruction method - Neighbor Joining


TREE METRIC (ADDITIVE DISTANCE) MATRIX (AD)

Cow 0.000000 0.316415 0.308172 0.313713 0.316995 0.238790 0.231849 0.232574 0.176028 0.304511 
Carp 0.316415 0.000000 0.321492 0.338989 0.243408 0.307077 0.300135 0.314508 0.302975 0.279307 
Chicken 0.308172 0.321492 0.000000 0.330746 0.322072 0.298834 0.291892 0.306265 0.294732 0.309588 
Human 0.313713 0.338989 0.330746 0.000000 0.339568 0.304375 0.297434 0.311806 0.300273 0.327084 
Loach 0.316995 0.243408 0.322072 0.339568 0.000000 0.307656 0.300715 0.315087 0.303554 0.279886 
Mouse 0.238790 0.307077 0.298834 0.304375 0.307656 0.000000 0.185359 0.236883 0.225350 0.295172 
Rat 0.231849 0.300135 0.291892 0.297434 0.300715 0.185359 0.000000 0.229942 0.218408 0.288231 
Seal 0.232574 0.314508 0.306265 0.311806 0.315087 0.236883 0.229942 0.000000 0.219134 0.302603 
Whale 0.176028 0.302975 0.294732 0.300273 0.303554 0.225350 0.218408 0.219134 0.000000 0.291070 
Frog 0.304511 0.279307 0.309588 0.327084 0.279886 0.295172 0.288231 0.302603 0.291070 0.000000 


THE FOLLOWING STATISTICS ARE AVAILABLE FOR 
A GIVEN DISSIMILARITY (D) AND AN OBTAINED TREE METRIC (AD)


Least-squares coefficient  Sum (Dij-ADij)^2  = 0.0149001022
                            i<j 
Average absolute difference  Sum |Dij-ADij|/(n(n-1)/2)  = 0.0163444129
                             i<j 
Maximum absolute difference   Max|Dij-ADij| = 0.0324719312
                              i,j 
Total length of the tree   L  = 1.297440


              TREE EDGES WITH THEIR LENGTHS

              11--9               0.081294
              12--8               0.115333
              13--6               0.096150
              14--13              0.018576
              13--7               0.089209
              15--4               0.168143
              16--3               0.156625
              17--2               0.121415
              18--17              0.024191
              17--5               0.121994
               1--11              0.094734
              11--12              0.022507
              12--14              0.006824
              14--15              0.021506
              15--16              0.005978
              16--18              0.019262
              18--10              0.133701
