18
m_american0.000000 200.000000 241.000000 342.000000 342.000000 312.000000 616.000000 616.000000 517.000000 657.000000 657.000000 568.000000 534.000000 534.000000 484.000000 484.000000 363.000000 317.000000 
n_vison    200.000000 0.000000 241.000000 342.000000 342.000000 312.000000 616.000000 616.000000 517.000000 657.000000 657.000000 568.000000 534.000000 534.000000 484.000000 484.000000 363.000000 317.000000 
t_taxus    241.000000 241.000000 0.000000 301.000000 301.000000 271.000000 575.000000 575.000000 476.000000 616.000000 616.000000 527.000000 493.000000 493.000000 443.000000 443.000000 322.000000 276.000000 
m_pennanti342.000000 342.000000 301.000000 0.000000 200.000000 230.000000 608.000000 608.000000 509.000000 649.000000 649.000000 560.000000 526.000000 526.000000 476.000000 476.000000 355.000000 309.000000 
m_nivalis  342.000000 342.000000 301.000000 200.000000 0.000000 230.000000 608.000000 608.000000 509.000000 649.000000 649.000000 560.000000 526.000000 526.000000 476.000000 476.000000 355.000000 309.000000 
g_gulo     312.000000 312.000000 271.000000 230.000000 230.000000 0.000000 578.000000 578.000000 479.000000 619.000000 619.000000 530.000000 496.000000 496.000000 446.000000 446.000000 325.000000 279.000000 
c_latrans  616.000000 616.000000 575.000000 608.000000 608.000000 578.000000 0.000000 200.000000 299.000000 623.000000 623.000000 534.000000 500.000000 500.000000 528.000000 528.000000 453.000000 499.000000 
c_lupus    616.000000 616.000000 575.000000 608.000000 608.000000 578.000000 200.000000 0.000000 299.000000 623.000000 623.000000 534.000000 500.000000 500.000000 528.000000 528.000000 453.000000 499.000000 
v_lagopus  517.000000 517.000000 476.000000 509.000000 509.000000 479.000000 299.000000 299.000000 0.000000 524.000000 524.000000 435.000000 401.000000 401.000000 429.000000 429.000000 354.000000 400.000000 
l_rufus    657.000000 657.000000 616.000000 649.000000 649.000000 619.000000 623.000000 623.000000 524.000000 0.000000 200.000000 289.000000 451.000000 451.000000 569.000000 569.000000 494.000000 540.000000 
ly_canaden657.000000 657.000000 616.000000 649.000000 649.000000 619.000000 623.000000 623.000000 524.000000 200.000000 0.000000 289.000000 451.000000 451.000000 569.000000 569.000000 494.000000 540.000000 
p_concolor568.000000 568.000000 527.000000 560.000000 560.000000 530.000000 534.000000 534.000000 435.000000 289.000000 289.000000 0.000000 362.000000 362.000000 480.000000 480.000000 405.000000 451.000000 
m_mephitis534.000000 534.000000 493.000000 526.000000 526.000000 496.000000 500.000000 500.000000 401.000000 451.000000 451.000000 362.000000 0.000000 200.000000 446.000000 446.000000 371.000000 417.000000 
s_putorius534.000000 534.000000 493.000000 526.000000 526.000000 496.000000 500.000000 500.000000 401.000000 451.000000 451.000000 362.000000 200.000000 0.000000 446.000000 446.000000 371.000000 417.000000 
u_american484.000000 484.000000 443.000000 476.000000 476.000000 446.000000 528.000000 528.000000 429.000000 569.000000 569.000000 480.000000 446.000000 446.000000 0.000000 200.000000 321.000000 367.000000 
u_arctos   484.000000 484.000000 443.000000 476.000000 476.000000 446.000000 528.000000 528.000000 429.000000 569.000000 569.000000 480.000000 446.000000 446.000000 200.000000 0.000000 321.000000 367.000000 
p_lotor    363.000000 363.000000 322.000000 355.000000 355.000000 325.000000 453.000000 453.000000 354.000000 494.000000 494.000000 405.000000 371.000000 371.000000 321.000000 321.000000 0.000000 246.000000 
lo_canaden317.000000 317.000000 276.000000 309.000000 309.000000 279.000000 499.000000 499.000000 400.000000 540.000000 540.000000 451.000000 417.000000 417.000000 367.000000 367.000000 246.000000 0.000000 

30
a_lagopus  0.000000 4.997500 5.815800 7.934100 9.297300 8.970300 9.300900 9.146000 9.046700 9.122000 9.009600 9.259400 9.312300 9.325200 8.389700 8.810500 7.668000 8.328700 8.442700 8.116200 8.365800 8.579200 7.794000 7.940000 7.933700 8.129500 8.599500 7.366700 7.948500 8.611900 
c_leuconotus4.997500 0.000000 6.895900 9.014200 10.377400 10.050400 10.381000 10.226100 10.126800 10.202100 10.089700 10.339500 10.392400 10.405300 9.469800 9.890600 8.748100 9.408800 9.522800 9.196300 9.445900 9.659300 8.874100 9.020100 9.013800 9.209600 9.679600 8.446800 9.028600 9.692000 
c_latrans  5.815800 6.895900 0.000000 8.232100 9.595300 9.268300 9.598900 9.444000 9.344700 9.420000 9.307600 9.557400 9.610300 9.623200 8.687700 9.108500 7.966000 8.626700 8.740700 8.414200 8.663800 8.877200 8.092000 8.238000 8.231700 8.427500 8.897500 7.664700 8.246500 8.909900 
l_pardalis7.934100 9.014200 8.232100 0.000000 10.456400 10.129400 10.460000 10.305100 10.205800 10.281100 10.168700 10.418500 10.471400 10.484300 9.548800 9.969600 8.827100 9.487800 9.601800 9.275300 9.524900 9.738300 8.953100 9.099100 9.092800 9.288600 9.758600 8.525800 9.107600 9.771000 
t_taxus    9.297300 10.377400 9.595300 10.456400 0.000000 9.457800 10.106000 9.951100 9.851800 9.927100 9.814700 10.064500 10.139200 10.152100 10.183400 10.604200 9.461700 10.122400 10.236400 9.909900 10.159500 10.372900 9.587700 9.733700 9.727400 9.923200 10.393200 9.160400 9.742200 10.405600 
u_arctos   8.970300 10.050400 9.268300 10.129400 9.457800 0.000000 9.779000 9.624100 9.524800 9.600100 9.487700 9.737500 9.812200 9.825100 9.856400 10.277200 9.134700 9.795400 9.909400 9.582900 9.832500 10.045900 9.260700 9.406700 9.400400 9.596200 10.066200 8.833400 9.415200 10.078600 
s_putorius9.300900 10.381000 9.598900 10.460000 10.106000 9.779000 0.000000 9.397500 9.739200 9.814500 9.702100 9.951900 10.142800 10.155700 10.187000 10.607800 9.465300 10.126000 10.240000 9.913500 10.163100 10.376500 9.591300 9.737300 9.731000 9.926800 10.396800 9.164000 9.745800 10.409200 
s_pygmaea  9.146000 10.226100 9.444000 10.305100 9.951100 9.624100 9.397500 0.000000 9.584300 9.659600 9.547200 9.797000 9.987900 10.000800 10.032100 10.452900 9.310400 9.971100 10.085100 9.758600 10.008200 10.221600 9.436400 9.582400 9.576100 9.771900 10.241900 9.009100 9.590900 10.254300 
b_astutus  9.046700 10.126800 9.344700 10.205800 9.851800 9.524800 9.739200 9.584300 0.000000 9.397700 9.359900 9.697700 9.888600 9.901500 9.932800 10.353600 9.211100 9.871800 9.985800 9.659300 9.908900 10.122300 9.337100 9.483100 9.476800 9.672600 10.142600 8.909800 9.491600 10.155000 
p_concolor9.122000 10.202100 9.420000 10.281100 9.927100 9.600100 9.814500 9.659600 9.397700 0.000000 9.435200 9.773000 9.963900 9.976800 10.008100 10.428900 9.286400 9.947100 10.061100 9.734600 9.984200 10.197600 9.412400 9.558400 9.552100 9.747900 10.217900 8.985100 9.566900 10.230300 
p_lotor    9.009600 10.089700 9.307600 10.168700 9.814700 9.487700 9.702100 9.547200 9.359900 9.435200 0.000000 9.660600 9.851500 9.864400 9.895700 10.316500 9.174000 9.834700 9.948700 9.622200 9.871800 10.085200 9.300000 9.446000 9.439700 9.635500 10.105500 8.872700 9.454500 10.117900 
n_narica   9.259400 10.339500 9.557400 10.418500 10.064500 9.737500 9.951900 9.797000 9.697700 9.773000 9.660600 0.000000 10.101300 10.114200 10.145500 10.566300 9.423800 10.084500 10.198500 9.872000 10.121600 10.335000 9.549800 9.695800 9.689500 9.885300 10.355300 9.122500 9.704300 10.367700 
h_yaguarondi9.312300 10.392400 9.610300 10.471400 10.139200 9.812200 10.142800 9.987900 9.888600 9.963900 9.851500 10.101300 0.000000 10.000300 10.198400 10.619200 9.476700 10.137400 10.251400 9.924900 10.174500 10.387900 9.602700 9.748700 9.742400 9.938200 10.408200 9.175400 9.757200 10.420600 
v_vulpes   9.325200 10.405300 9.623200 10.484300 10.152100 9.825100 10.155700 10.000800 9.901500 9.976800 9.864400 10.114200 10.000300 0.000000 10.211300 10.632100 9.489600 10.150300 10.264300 9.937800 10.187400 10.400800 9.615600 9.761600 9.755300 9.951100 10.421100 9.188300 9.770100 10.433500 
p_onca     8.389700 9.469800 8.687700 9.548800 10.183400 9.856400 10.187000 10.032100 9.932800 10.008100 9.895700 10.145500 10.198400 10.211300 0.000000 9.634800 8.492300 9.153000 9.267000 8.940500 9.190100 9.403500 8.618300 8.764300 8.758000 8.953800 9.423800 8.191000 8.772800 9.436200 
m_vison    8.810500 9.890600 9.108500 9.969600 10.604200 10.277200 10.607800 10.452900 10.353600 10.428900 10.316500 10.566300 10.619200 10.632100 9.634800 0.000000 5.602500 9.084400 9.198400 8.871900 9.121500 9.334900 8.549700 8.695700 8.689400 8.885200 9.355200 8.122400 8.704200 9.367600 
u_littoralis7.668000 8.748100 7.966000 8.827100 9.461700 9.134700 9.465300 9.310400 9.211100 9.286400 9.174000 9.423800 9.476700 9.489600 8.492300 5.602500 0.000000 7.941900 8.055900 7.729400 7.979000 8.192400 7.407200 7.553200 7.546900 7.742700 8.212700 6.979900 7.561700 8.225100 
m_americana8.328700 9.408800 8.626700 9.487800 10.122400 9.795400 10.126000 9.971100 9.871800 9.947100 9.834700 10.084500 10.137400 10.150300 9.153000 9.084400 7.941900 0.000000 7.108400 8.065900 8.315500 8.528900 7.743700 7.889700 7.883400 8.079200 8.549200 7.316400 7.898200 8.561600 
m_pennanti8.442700 9.522800 8.740700 9.601800 10.236400 9.909400 10.240000 10.085100 9.985800 10.061100 9.948700 10.198500 10.251400 10.264300 9.267000 9.198400 8.055900 7.108400 0.000000 8.179900 8.429500 8.642900 7.857700 8.003700 7.997400 8.193200 8.663200 7.430400 8.012200 8.675600 
l_canadensis8.116200 9.196300 8.414200 9.275300 9.909900 9.582900 9.913500 9.758600 9.659300 9.734600 9.622200 9.872000 9.924900 9.937800 8.940500 8.871900 7.729400 8.065900 8.179900 0.000000 6.144400 8.101800 7.316600 7.462600 7.456300 7.652100 8.122100 6.889300 7.471100 8.134500 
l_rufus    8.365800 9.445900 8.663800 9.524900 10.159500 9.832500 10.163100 10.008200 9.908900 9.984200 9.871800 10.121600 10.174500 10.187400 9.190100 9.121500 7.979000 8.315500 8.429500 6.144400 0.000000 8.351400 7.566200 7.712200 7.705900 7.901700 8.371700 7.138900 7.720700 8.384100 
g_gulo     8.579200 9.659300 8.877200 9.738300 10.372900 10.045900 10.376500 10.221600 10.122300 10.197600 10.085200 10.335000 10.387900 10.400800 9.403500 9.334900 8.192400 8.528900 8.642900 8.101800 8.351400 0.000000 4.638600 6.235600 6.642100 6.837900 8.230900 6.998100 7.579900 8.243300 
m_mephitis7.794000 8.874100 8.092000 8.953100 9.587700 9.260700 9.591300 9.436400 9.337100 9.412400 9.300000 9.549800 9.602700 9.615600 8.618300 8.549700 7.407200 7.743700 7.857700 7.316600 7.566200 4.638600 0.000000 5.450400 5.856900 6.052700 7.445700 6.212900 6.794700 7.458100 
l_canadensis7.940000 9.020100 8.238000 9.099100 9.733700 9.406700 9.737300 9.582400 9.483100 9.558400 9.446000 9.695800 9.748700 9.761600 8.764300 8.695700 7.553200 7.889700 8.003700 7.462600 7.712200 6.235600 5.450400 0.000000 6.002900 6.198700 7.591700 6.358900 6.940700 7.604100 
c_lupus    7.933700 9.013800 8.231700 9.092800 9.727400 9.400400 9.731000 9.576100 9.476800 9.552100 9.439700 9.689500 9.742400 9.755300 8.758000 8.689400 7.546900 7.883400 7.997400 7.456300 7.705900 6.642100 5.856900 6.002900 0.000000 3.433600 7.585400 6.352600 6.934400 7.597800 
m_frenata  8.129500 9.209600 8.427500 9.288600 9.923200 9.596200 9.926800 9.771900 9.672600 9.747900 9.635500 9.885300 9.938200 9.951100 8.953800 8.885200 7.742700 8.079200 8.193200 7.652100 7.901700 6.837900 6.052700 6.198700 3.433600 0.000000 7.781200 6.548400 7.130200 7.793600 
m_erminea  8.599500 9.679600 8.897500 9.758600 10.393200 10.066200 10.396800 10.241900 10.142600 10.217900 10.105500 10.355300 10.408200 10.421100 9.423800 9.355200 8.212700 8.549200 8.663200 8.122100 8.371700 8.230900 7.445700 7.591700 7.585400 7.781200 0.000000 2.228600 4.592800 6.511000 
v_velox    7.366700 8.446800 7.664700 8.525800 9.160400 8.833400 9.164000 9.009100 8.909800 8.985100 8.872700 9.122500 9.175400 9.188300 8.191000 8.122400 6.979900 7.316400 7.430400 6.889300 7.138900 6.998100 6.212900 6.358900 6.352600 6.548400 2.228600 0.000000 3.360000 5.278200 
m_nivalis  7.948500 9.028600 8.246500 9.107600 9.742200 9.415200 9.745800 9.590900 9.491600 9.566900 9.454500 9.704300 9.757200 9.770100 8.772800 8.704200 7.561700 7.898200 8.012200 7.471100 7.720700 7.579900 6.794700 6.940700 6.934400 7.130200 4.592800 3.360000 0.000000 5.860000 
u_americanus8.611900 9.692000 8.909900 9.771000 10.405600 10.078600 10.409200 10.254300 10.155000 10.230300 10.117900 10.367700 10.420600 10.433500 9.436200 9.367600 8.225100 8.561600 8.675600 8.134500 8.384100 8.243300 7.458100 7.604100 7.597800 7.793600 6.511000 5.278200 5.860000 0.000000 

